100
0 218 880 266 173 505 646 345 168 387 490 451 889 372 610 727 278 259 284 120 500 312 438 674 704 799 230 350 326 329 553 246 654 832 115 831 146 696 305 718 835 625 850 833 826 112 349 564 371 607 187 527 242 897 304 523 562 357 407 319 692 285 268 108 351 169 886 869 126 426 635 365 286 336 201 410 751 578 559 293 192 166 309 885 148 330 164 130 686 337 733 628 750 135 142 521 121 210 711 747 
209 0 819 243 670 662 439 166 142 582 235 217 772 784 373 292 846 634 124 604 775 155 653 399 263 278 870 895 487 148 534 849 665 899 407 448 513 464 335 746 641 726 227 114 635 612 510 885 227 468 115 751 467 806 279 551 546 182 275 331 497 447 468 262 218 558 556 509 680 123 847 210 691 610 175 213 409 468 332 349 335 465 871 893 162 507 695 127 734 278 309 145 846 206 241 885 193 655 642 750 
171 802 0 357 455 271 777 366 881 325 272 539 715 440 800 143 362 528 544 204 149 625 841 438 128 797 394 742 148 690 844 464 192 196 147 772 703 704 700 225 502 326 339 557 830 486 141 166 455 533 630 750 587 716 245 184 227 583 484 459 505 333 778 125 819 686 849 228 125 419 255 356 138 389 174 799 581 145 839 736 284 835 695 504 680 223 445 337 134 608 885 275 606 540 889 256 248 119 602 293 
819 705 229 0 140 299 625 157 683 461 693 493 334 785 286 702 883 385 252 119 483 675 468 631 708 893 763 617 811 316 485 485 367 870 102 474 810 401 796 646 716 465 721 601 518 153 363 597 194 860 741 497 259 401 301 217 333 213 424 285 124 366 412 287 784 724 172 504 167 868 574 378 156 302 649 715 592 563 104 706 340 354 710 517 323 595 633 165 820 869 437 534 146 648 572 830 483 200 375 794 
326 877 539 719 0 517 811 688 324 645 746 474 735 783 579 208 678 102 817 517 521 783 601 837 827 529 123 327 839 566 107 628 392 781 683 352 565 747 461 640 351 405 774 368 300 877 764 261 886 143 856 655 652 828 873 593 111 204 681 433 569 179 508 764 632 482 311 764 487 763 896 812 486 538 330 855 320 707 412 773 788 281 608 164 239 647 118 797 403 789 497 809 213 373 853 589 218 757 275 426 
826 479 403 198 409 0 871 879 492 483 264 153 722 553 239 739 388 680 454 389 472 775 617 323 667 108 192 229 575 584 500 763 394 317 406 278 240 251 877 432 451 287 790 380 109 333 392 759 460 589 611 368 868 586 521 351 137 424 267 583 823 436 830 684 663 766 701 854 619 193 705 416 343 249 268 499 591 267 215 156 595 447 766 656 325 558 899 552 893 353 547 670 498 406 894 731 610 395 387 508 
556 665 395 174 809 325 0 588 223 517 315 365 156 441 740 499 294 836 452 219 775 151 150 229 805 110 635 296 845 286 429 620 732 284 415 140 205 168 639 861 380 142 664 788 538 154 812 476 559 568 272 856 163 578 888 516 149 796 452 170 787 448 331 624 441 201 740 666 607 714 589 262 213 738 412 690 727 230 281 679 694 670 127 847 248 876 623 185 836 822 321 875 194 676 648 606 378 684 279 699 
874 130 545 746 568 417 717 0 815 354 277 342 792 696 253 183 629 164 361 211 497 804 108 566 571 331 122 666 861 899 134 863 701 709 468 369 678 358 440 848 570 628 415 465 821 225 816 660 559 734 432 130 859 741 311 711 170 897 431 496 892 484 605 650 393 223 262 502 678 381 702 105 159 764 257 179 518 232 648 736 206 615 455 408 471 102 547 409 828 448 800 592 674 174 206 324 698 686 760 221 
551 261 362 797 455 203 201 438 0 381 135 319 382 417 670 489 265 878 619 490 644 268 187 736 769 418 321 883 472 278 209 528 536 741 105 342 670 390 714 200 642 551 432 237 301 109 477 355 795 732 861 105 112 155 415 760 402 183 774 294 849 728 823 222 653 782 807 265 315 870 870 131 440 687 343 508 142 827 782 751 826 136 438 121 835 185 436 847 407 588 433 702 456 252 151 429 871 110 624 859 
643 592 436 166 766 661 270 370 296 0 808 747 274 323 751 445 684 141 267 610 368 502 810 231 690 530 703 426 163 346 599 324 339 319 817 505 891 527 159 856 262 597 688 598 646 366 614 821 613 296 784 486 228 136 548 171 173 319 865 875 420 767 267 601 545 171 119 220 150 705 452 841 734 401 868 700 418 592 755 581 708 148 860 590 520 378 209 895 866 202 724 814 500 884 669 375 643 465 194 443 
493 610 583 797 252 553 560 103 419 869 0 483 101 314 398 148 752 160 331 879 452 383 368 490 275 460 742 531 849 189 770 114 554 287 752 122 424 549 178 888 571 477 773 475 543 303 712 296 784 640 871 722 263 142 474 315 351 885 178 432 422 353 465 852 331 582 138 480 214 703 522 183 237 547 730 161 330 282 664 562 323 155 463 366 420 422 656 691 644 883 680 447 140 730 394 793 453 280 351 656 
759 267 221 535 284 260 604 397 707 497 373 0 593 345 583 862 108 542 312 858 675 193 305 813 108 656 114 228 758 761 531 883 537 784 358 108 603 246 443 661 771 138 553 525 201 719 156 323 459 509 555 294 722 888 532 211 896 518 659 643 452 496 602 882 404 115 506 173 897 559 183 420 580 115 112 627 643 694 856 579 573 224 784 259 311 794 786 160 221 415 572 374 633 289 322 648 777 588 196 330 
558 574 254 838 203 370 871 499 520 242 843 503 0 298 758 507 574 306 468 787 380 620 119 515 138 109 728 799 692 322 271 579 602 685 526 307 474 405 877 103 872 166 217 345 295 191 878 543 416 696 735 748 396 608 757 711 322 525 366 798 100 154 235 104 459 555 107 267 751 830 821 414 197 790 850 663 166 899 139 768 248 428 880 325 406 603 198 311 759 411 362 626 654 324 193 769 313 828 250 205 
435 523 521 694 404 441 353 811 129 808 625 607 473 0 809 532 357 445 870 815 836 497 803 615 559 377 836 465 795 333 176 218 257 106 875 818 101 237 311 603 607 827 418 773 827 729 247 296 184 573 380 827 247 451 721 110 380 623 393 747 165 519 514 482 239 535 150 575 433 472 210 820 546 201 348 517 458 608 523 440 804 695 488 117 332 195 630 759 805 164 527 365 445 595 136 589 482 563 114 742 
124 601 124 864 165 791 573 372 311 457 676 805 437 359 0 607 579 871 846 897 377 842 231 153 540 445 472 477 142 601 856 884 296 695 401 281 318 597 871 279 653 305 395 515 542 846 683 179 604 549 837 382 823 349 676 194 686 698 536 786 142 299 713 309 850 262 333 576 292 330 808 805 683 714 881 420 420 877 851 299 456 442 331 477 447 379 328 236 524 512 322 639 402 435 208 611 290 632 709 559 
337 187 256 684 690 788 463 734 376 790 155 630 824 623 156 0 429 658 729 751 874 637 151 517 816 257 302 132 761 362 106 296 682 408 268 789 158 504 108 843 487 310 278 832 406 148 869 251 479 579 129 312 547 606 162 805 165 250 129 754 824 249 580 876 293 348 494 610 120 541 529 713 256 594 684 412 533 532 889 130 614 388 282 127 784 798 786 370 404 779 251 888 625 188 500 436 685 344 729 460 
899 589 162 347 611 829 799 248 242 502 434 425 113 891 223 622 0 893 333 617 690 634 428 132 182 220 779 117 686 615 534 312 581 154 569 592 346 826 350 724 664 859 442 594 569 745 443 561 538 679 787 291 258 317 775 278 705 692 495 581 259 384 689 327 412 699 557 604 387 387 401 229 831 784 335 105 387 852 119 236 379 279 780 510 255 505 198 708 450 558 262 149 104 673 409 776 284 768 142 291 
204 609 215 357 746 404 308 249 172 812 347 176 897 896 649 721 743 0 593 596 689 802 314 844 271 570 226 577 758 147 205 367 416 609 330 219 803 235 750 365 583 233 779 476 718 786 130 498 604 729 724 413 360 827 741 575 268 170 376 130 287 841 200 621 369 495 828 802 800 116 551 645 566 365 327 521 295 238 277 613 452 679 433 422 520 164 552 434 379 535 474 661 620 815 380 855 287 805 820 676 
233 191 160 458 300 805 325 807 367 701 219 545 764 311 818 597 259 395 0 460 769 494 276 854 762 108 266 828 349 755 239 270 239 292 316 754 415 445 559 636 365 508 148 421 305 279 563 303 741 280 740 335 776 301 768 322 397 211 654 533 653 579 734 710 877 482 445 373 457 725 882 806 707 150 369 351 418 693 388 619 152 874 741 667 371 811 248 796 628 818 162 447 330 576 194 774 222 808 852 871 
780 660 679 140 798 631 861 690 453 688 779 188 865 782 384 774 589 436 124 0 129 508 166 435 745 344 416 593 874 155 512 221 418 578 349 183 765 147 890 478 836 217 434 601 249 322 857 796 669 505 721 225 158 181 813 407 371 210 459 733 216 346 860 170 780 682 229 548 362 299 395 329 264 182 214 277 289 811 724 842 180 814 699 147 775 730 256 720 199 804 190 568 288 454 190 351 548 204 432 780 
872 197 708 363 528 544 827 788 331 330 548 122 698 432 601 456 749 861 564 450 0 633 527 286 357 533 610 285 170 195 396 854 659 212 467 233 697 591 680 883 608 366 202 460 509 638 198 638 453 776 391 717 659 648 587 137 765 602 880 264 207 182 177 273 512 657 288 464 493 393 143 356 608 774 673 143 875 469 436 677 464 149 646 130 731 331 287 580 697 169 425 537 524 884 208 818 542 820 488 331 
397 348 888 897 584 543 476 602 798 263 869 269 762 586 397 330 478 126 577 323 899 0 860 650 243 832 893 664 732 261 757 495 874 104 453 246 507 383 893 287 100 555 621 841 229 172 866 309 879 417 790 464 269 719 808 685 205 654 386 820 721 830 253 634 343 582 736 337 497 774 483 601 192 225 561 812 412 458 695 346 758 785 100 600 638 769 626 773 350 321 377 516 681 595 508 632 443 590 870 119 
441 153 533 151 205 655 790 158 365 342 334 640 187 235 153 360 135 522 830 843 497 218 0 260 366 267 736 187 672 583 124 414 394 340 457 252 385 811 496 275 842 226 169 662 600 336 399 241 334 781 498 688 750 248 479 651 196 522 223 739 717 635 274 390 493 570 521 359 588 792 822 261 304 719 538 424 689 674 326 865 132 281 450 864 575 887 190 510 836 229 523 152 135 573 413 533 457 810 478 734 
693 110 765 871 557 652 814 446 711 416 389 347 205 178 761 286 228 568 148 669 778 162 826 0 514 825 195 878 657 138 334 311 319 101 594 743 341 652 898 370 239 240 154 712 266 650 693 289 591 292 568 571 401 475 164 232 467 765 860 862 405 698 238 810 660 189 142 249 283 158 609 544 817 841 410 680 842 891 303 178 589 144 665 243 789 142 532 801 343 549 744 321 645 754 227 293 374 854 814 513 
379 405 435 552 259 514 770 200 528 786 589 338 614 260 292 378 830 820 430 350 292 107 456 766 0 390 821 524 296 328 379 797 669 199 469 500 256 642 546 726 276 166 294 130 318 221 160 478 383 727 534 626 839 109 569 243 242 859 449 764 124 423 468 597 503 112 441 602 477 444 484 629 780 870 789 787 284 741 219 266 635 537 372 669 598 211 652 667 449 586 368 221 764 321 899 860 321 417 464 654 
104 468 276 300 244 295 665 542 430 193 592 793 102 503 748 657 138 826 116 772 456 481 102 675 722 0 527 443 462 753 622 776 267 401 727 894 630 419 426 221 485 890 859 143 761 759 309 132 301 227 888 244 623 529 334 143 790 750 313 286 446 268 243 224 295 796 317 825 112 177 552 106 500 412 624 383 532 117 307 781 350 212 269 854 274 442 544 102 440 730 309 470 726 543 326 579 370 879 400 517 
418 147 582 890 644 220 485 533 271 743 250 759 844 805 333 382 136 826 760 334 422 695 117 306 648 741 0 894 297 134 352 402 396 513 406 585 413 450 204 132 777 147 142 694 796 506 568 679 508 860 143 745 173 586 682 380 295 750 707 264 122 328 807 842 771 509 770 246 848 434 281 330 838 728 849 314 752 890 734 160 790 325 827 666 265 327 282 149 169 433 300 186 757 415 735 604 520 408 691 802 
762 481 458 388 258 738 884 272 103 556 616 370 780 582 615 441 224 133 161 541 793 100 472 498 648 267 778 0 556 194 174 244 561 884 494 173 572 406 775 685 539 554 807 250 459 702 814 451 821 483 509 827 532 724 522 678 619 496 635 628 225 349 846 279 418 686 661 482 123 324 270 638 711 436 619 160 118 862 112 880 346 383 693 853 724 384 552 277 804 780 394 135 563 162 581 837 433 585 392 478 
149 795 794 894 188 401 882 701 387 830 427 512 847 620 474 549 326 572 309 787 351 268 372 718 223 411 566 793 0 713 229 257 426 498 647 195 173 262 477 399 141 724 726 195 582 871 460 312 365 178 403 237 235 218 522 464 461 592 651 698 270 487 783 417 433 476 848 563 271 513 345 683 461 368 569 630 327 167 542 550 597 259 823 226 506 864 613 157 786 140 482 615 798 850 240 165 432 206 882 599 
347 498 421 779 761 659 502 732 561 767 242 891 245 678 455 355 345 289 324 379 633 895 490 723 243 253 421 634 730 0 252 846 749 215 596 688 634 206 208 674 199 182 189 175 117 285 195 697 873 724 210 403 777 253 763 550 763 503 719 782 610 350 595 889 804 767 266 384 286 198 573 419 538 108 200 571 723 183 862 131 484 850 202 678 799 240 355 207 698 882 421 258 358 695 574 285 810 349 574 160 
166 410 526 514 624 606 699 729 755 151 583 312 216 645 727 308 566 827 794 104 410 741 345 827 694 534 351 600 671 550 0 888 704 547 795 419 736 208 565 415 653 122 268 345 217 511 607 278 439 558 371 436 737 566 162 543 209 205 536 785 640 247 858 537 531 590 269 317 841 626 348 547 486 436 195 509 450 826 127 885 792 661 722 255 442 119 310 877 576 792 126 481 819 766 646 191 704 228 275 702 
505 245 640 376 359 226 670 224 864 281 124 343 777 856 762 275 236 851 897 812 138 309 179 328 487 829 161 657 229 711 280 0 177 653 646 378 520 758 527 898 682 484 463 848 884 183 809 102 749 587 523 385 880 332 670 285 656 888 338 483 130 343 470 582 734 395 813 761 227 735 792 349 197 418 554 103 504 740 223 352 451 272 336 423 845 143 234 147 407 858 548 159 842 457 659 335 462 285 740 183 
230 839 346 724 502 242 111 550 222 899 463 699 231 101 357 412 467 513 857 155 136 368 368 451 812 169 298 773 160 795 631 184 0 383 795 632 553 388 720 388 673 397 870 530 875 185 363 544 302 422 275 599 750 216 352 667 191 744 210 496 279 816 244 693 600 146 456 260 870 759 543 898 185 523 255 418 112 577 775 525 580 684 347 749 142 681 220 813 229 885 314 484 843 234 270 494 512 162 616 121 
647 314 296 492 373 568 300 348 801 332 229 666 141 243 529 601 890 433 236 124 686 715 550 107 189 444 380 617 673 816 769 497 328 0 182 215 150 590 708 628 186 518 559 656 694 405 258 633 853 299 753 883 650 700 807 359 767 824 306 547 427 791 756 314 108 279 276 426 186 416 645 581 655 306 329 504 896 674 621 872 535 522 155 126 299 116 522 440 228 694 569 835 400 297 372 619 474 595 132 821 
888 805 379 575 100 777 620 500 103 215 431 217 769 264 265 740 410 389 127 314 238 713 322 598 318 221 200 454 876 501 152 817 115 586 0 325 162 857 584 339 806 878 755 629 645 377 141 593 189 530 515 464 558 834 535 890 165 138 868 152 749 764 646 520 895 275 599 304 891 534 299 579 661 236 254 368 659 835 820 116 399 549 473 738 744 285 399 242 230 720 769 247 871 781 618 191 411 622 595 563 
487 707 455 197 499 129 406 341 525 863 417 253 276 787 278 686 696 364 604 822 319 450 720 284 470 446 336 478 885 539 299 292 237 782 187 0 321 630 454 736 890 438 377 881 450 413 514 751 430 415 856 581 576 627 565 454 678 699 211 769 350 618 656 185 659 885 863 394 502 261 680 879 309 706 227 770 154 289 742 727 272 169 480 433 492 629 656 449 314 481 495 270 365 149 379 407 446 199 875 352 
454 333 822 240 612 817 600 650 158 610 301 846 488 855 811 430 601 834 572 380 480 665 891 350 480 363 332 287 433 545 786 842 210 171 194 300 0 588 605 554 534 780 459 297 297 462 125 508 402 524 655 785 657 158 506 471 304 533 420 202 559 550 677 822 341 506 245 823 715 288 363 164 301 537 572 490 419 682 100 398 385 341 813 504 116 347 589 156 211 820 609 581 867 634 765 222 149 451 854 634 
436 602 863 674 871 804 775 800 579 511 274 341 460 523 271 742 186 301 723 576 516 200 100 486 554 770 663 635 744 616 250 734 381 360 470 688 154 0 104 134 492 626 843 346 565 356 283 800 256 706 876 396 494 809 381 179 429 264 322 766 475 252 373 790 578 617 653 433 624 194 343 514 388 545 847 527 402 734 306 830 701 296 866 274 655 740 205 806 428 462 690 633 497 662 589 361 729 489 893 309 
213 689 748 752 489 598 159 739 611 337 254 722 219 104 445 670 790 565 220 612 418 757 367 660 820 101 754 476 853 236 485 863 225 563 433 182 472 784 0 595 718 396 679 370 185 517 272 553 630 479 444 578 838 386 486 725 195 620 154 498 243 333 447 696 329 681 528 657 132 778 222 190 769 718 657 176 796 813 226 756 603 103 466 621 204 764 722 816 862 792 714 726 224 528 217 412 394 535 490 525 
648 281 844 709 558 739 429 622 318 528 284 227 185 434 343 238 571 184 852 252 687 556 762 523 645 545 863 896 204 672 803 154 574 611 279 787 586 588 597 0 899 619 473 771 465 613 699 777 764 632 852 720 131 489 215 811 735 866 258 142 828 199 272 888 846 136 283 662 754 689 361 824 664 380 519 206 195 819 816 100 670 697 736 804 320 872 249 502 876 840 275 810 576 256 473 828 220 440 587 288 
845 231 321 780 185 806 382 484 690 836 198 658 670 825 758 635 255 757 194 788 887 397 643 143 792 561 808 151 379 830 490 167 606 372 842 646 610 547 516 373 0 642 434 558 301 203 263 771 543 551 618 639 416 528 571 474 581 617 611 273 207 492 218 227 766 853 100 843 709 593 858 189 528 387 407 261 445 530 125 547 885 689 369 544 343 543 572 818 245 824 243 108 287 595 868 834 568 328 715 217 
417 547 338 108 268 600 753 862 389 346 700 283 217 451 655 116 588 376 415 666 336 386 712 568 190 817 543 508 327 597 814 603 431 743 728 546 499 835 441 751 141 0 461 248 885 557 744 496 290 346 809 151 897 265 884 534 258 719 654 131 686 537 628 469 831 336 543 711 572 861 160 677 318 384 524 588 640 418 338 449 400 850 159 848 622 478 571 416 208 395 356 569 552 270 769 887 630 831 259 681 
447 334 706 373 545 671 210 368 165 226 356 516 102 591 417 424 627 477 557 319 132 470 830 256 405 361 222 573 568 827 882 801 258 292 426 485 334 365 722 770 346 476 0 580 439 644 359 187 631 886 285 543 629 384 439 695 231 750 701 165 151 398 201 646 220 280 785 734 879 178 290 760 302 349 520 364 373 313 499 446 537 739 122 277 654 217 302 246 573 123 492 343 240 230 656 467 897 223 722 192 
516 606 623 395 166 829 378 455 592 560 578 671 602 728 650 701 291 702 216 550 376 663 413 128 720 554 124 332 355 612 530 798 368 414 847 673 165 633 166 243 398 221 518 0 107 444 441 293 583 190 684 828 701 466 387 869 491 855 677 599 163 846 249 830 753 440 329 131 202 520 212 585 563 787 135 380 839 384 475 858 793 509 459 448 453 564 858 298 280 555 517 819 127 729 795 333 633 123 488 594 
333 308 336 151 230 162 804 145 521 429 770 455 137 588 404 837 402 342 763 718 703 234 603 369 220 473 809 407 563 471 565 723 854 707 734 826 532 679 842 180 383 687 795 234 0 885 257 548 266 474 321 605 248 345 547 856 495 350 791 178 288 656 762 476 625 546 107 684 515 349 478 342 344 255 294 744 494 684 485 642 487 240 448 374 792 891 887 679 285 821 218 714 652 150 563 544 817 360 644 350 
110 770 866 839 518 431 363 710 800 619 120 328 250 461 170 836 367 126 240 168 284 768 839 173 755 874 265 497 555 516 614 790 842 732 334 554 538 591 299 313 454 607 362 190 459 0 419 633 308 545 347 183 800 430 324 526 670 226 888 460 853 119 348 578 238 641 239 292 670 563 805 191 467 428 486 680 664 446 704 849 695 599 592 558 300 867 628 149 303 655 732 454 317 124 536 654 125 789 103 627 
815 649 871 100 450 306 450 552 719 191 826 259 353 614 298 671 244 499 720 852 658 432 859 699 619 614 480 369 135 103 368 535 736 761 715 481 886 649 125 129 455 467 258 772 419 759 0 283 810 276 476 621 149 311 487 543 418 501 751 103 112 703 376 411 266 152 677 246 712 619 296 526 558 112 437 306 326 272 626 192 379 542 387 838 248 370 570 496 311 100 444 501 573 469 376 271 779 608 606 117 
727 308 672 808 688 648 212 259 895 169 497 298 860 590 843 880 606 415 218 220 443 246 879 548 613 705 763 295 755 644 344 157 176 350 324 255 881 238 102 833 241 364 175 473 400 285 144 0 558 151 628 883 144 870 829 243 184 488 892 262 849 202 723 397 877 808 681 681 363 605 284 699 759 862 201 549 254 341 663 391 874 546 396 850 418 728 543 543 849 678 647 524 156 460 848 870 652 824 881 503 
353 888 724 394 874 508 567 483 639 232 786 511 795 647 273 408 501 399 680 234 268 293 584 759 206 638 404 241 483 457 507 685 655 412 526 711 580 891 720 787 731 108 150 852 558 520 819 186 0 528 581 703 308 691 480 849 145 658 850 275 147 820 773 572 389 434 157 160 378 480 382 149 758 795 694 618 297 202 386 895 837 168 830 285 381 201 179 680 386 195 794 203 273 692 393 871 249 663 107 315 
874 714 347 729 706 268 726 291 640 857 440 580 172 733 853 698 533 342 122 402 181 456 512 244 567 349 148 581 469 844 433 396 473 362 252 328 116 345 581 464 538 763 507 250 613 603 297 210 123 0 104 118 118 161 893 398 411 811 257 501 352 636 684 565 378 821 460 608 356 842 736 489 151 560 416 887 487 595 692 125 447 542 517 180 707 333 563 822 243 759 729 596 685 348 666 166 195 891 727 465 
637 819 882 489 159 294 588 135 219 162 751 177 751 755 415 252 666 194 497 265 603 102 515 243 254 351 375 154 793 363 730 355 582 673 102 879 721 242 136 347 245 552 653 115 102 569 870 591 318 101 0 718 813 590 806 650 328 705 822 487 328 545 641 260 652 599 698 310 286 588 430 161 118 858 708 305 526 190 514 386 718 840 277 465 538 105 846 232 626 237 150 609 820 393 860 743 372 541 185 621 
351 127 754 317 283 573 882 805 802 627 748 274 781 859 245 756 352 895 493 579 433 411 281 306 855 295 822 393 592 390 301 225 195 670 361 684 314 450 613 657 255 414 693 363 573 324 173 238 706 857 788 0 175 404 466 718 189 477 338 636 675 269 242 549 281 767 568 379 650 449 863 218 848 416 107 307 613 772 402 656 704 269 553 516 542 426 550 257 315 403 774 638 649 398 610 191 655 708 724 350 
416 539 651 847 635 796 129 694 797 453 229 811 846 224 790 545 820 460 576 652 579 341 690 666 642 558 645 124 807 660 142 682 164 872 427 750 882 241 847 637 281 720 283 867 746 838 769 799 672 388 816 764 0 256 144 264 115 218 220 223 160 335 515 568 817 598 698 232 378 209 605 295 888 828 323 655 262 249 529 576 835 414 422 240 664 508 826 314 183 432 740 299 576 144 834 868 676 573 211 304 
735 524 239 813 128 886 618 382 892 182 319 397 101 218 103 396 343 138 842 361 616 604 781 380 803 294 802 611 432 758 482 250 286 137 532 510 627 354 700 474 164 614 114 870 432 463 142 572 431 456 128 779 137 0 724 115 652 224 129 347 481 307 514 637 542 211 566 369 226 701 711 466 380 373 815 861 484 820 102 617 705 449 317 342 730 230 353 654 500 362 266 780 267 318 287 897 179 440 111 393 
719 358 397 550 851 685 874 459 338 893 393 570 208 258 344 873 798 282 793 509 254 490 307 359 334 487 737 846 609 168 194 513 124 667 755 793 626 623 474 252 870 653 383 109 506 403 892 787 375 308 207 889 400 592 0 259 795 791 103 599 194 243 571 715 554 551 849 241 167 492 259 768 664 328 668 660 256 496 387 614 388 896 487 816 380 204 278 212 856 780 878 602 672 761 464 582 307 222 833 268 
778 479 423 471 693 494 833 692 352 787 707 845 428 632 226 613 237 755 745 861 868 808 503 254 251 860 597 674 734 865 635 538 800 878 402 179 842 492 480 734 324 755 204 321 875 705 666 181 145 526 326 617 732 875 214 0 286 201 827 470 639 673 602 349 447 829 500 853 410 591 210 611 380 294 177 217 532 740 121 226 722 486 473 319 248 562 274 216 897 293 460 249 483 676 777 774 739 184 133 548 
495 245 683 871 507 445 521 177 788 515 851 463 336 167 198 835 151 509 579 814 238 108 734 525 514 260 107 368 263 206 682 686 800 613 172 379 814 774 384 219 553 841 494 832 533 808 464 673 844 448 180 462 392 641 238 564 0 858 548 420 496 725 627 710 284 396 274 225 745 501 727 476 751 212 467 261 150 201 730 792 688 529 648 101 299 296 330 672 463 649 238 196 250 152 814 411 274 440 693 783 
209 732 558 157 115 523 109 665 316 392 149 740 887 342 598 270 108 335 499 108 720 596 709 332 750 262 128 833 797 537 623 208 458 618 763 524 829 642 572 728 656 114 543 516 434 710 693 381 786 293 339 897 488 348 591 627 728 0 882 666 419 472 214 701 882 734 347 459 103 601 151 328 739 373 563 171 406 546 245 708 215 770 743 228 709 303 652 410 257 616 462 783 497 862 616 602 475 133 580 738 
636 721 264 850 664 571 405 241 584 752 856 486 128 789 197 314 578 585 433 237 273 309 222 501 887 816 718 797 387 326 446 790 569 641 864 793 118 822 450 429 307 433 374 751 644 703 361 326 190 756 811 342 197 277 373 489 403 276 0 725 394 307 303 682 440 755 138 130 680 593 556 390 618 615 330 323 117 573 342 738 468 123 151 894 255 538 117 170 637 250 557 300 278 192 840 281 484 646 584 343 
736 148 532 709 836 731 113 219 464 563 658 215 204 157 376 317 203 832 111 154 477 692 691 545 457 463 637 806 726 279 345 147 646 815 403 819 845 770 107 555 792 205 258 413 578 716 259 401 186 817 827 411 185 207 686 109 284 830 811 0 421 141 536 108 468 280 232 673 833 447 612 387 233 884 868 308 814 359 544 664 299 156 591 720 370 820 558 787 362 257 296 897 450 563 800 631 425 239 149 368 
250 353 299 713 631 123 286 891 758 333 369 773 557 174 131 291 701 662 163 290 446 694 447 711 783 241 289 367 307 155 202 135 790 150 243 318 483 758 554 102 453 269 650 725 830 467 483 894 240 849 845 236 837 157 882 468 333 300 466 863 0 756 783 171 328 293 847 413 470 446 897 855 216 315 466 542 819 296 118 743 335 718 514 149 206 411 156 478 384 621 675 707 691 224 531 827 858 408 129 675 
289 830 801 753 134 665 340 527 266 586 866 416 598 229 122 282 412 455 801 276 703 800 639 216 609 748 570 565 240 529 865 899 383 737 775 126 229 756 850 433 727 635 747 616 388 724 762 657 215 226 712 633 370 556 296 116 499 198 425 840 859 0 828 543 537 694 266 200 694 724 522 762 195 140 540 559 849 147 645 221 775 110 330 432 812 422 566 218 193 667 737 888 850 514 807 690 308 316 761 546 
301 206 870 642 470 402 650 456 364 828 109 811 662 698 585 707 602 712 644 800 634 252 513 270 476 677 835 845 394 110 360 876 231 851 856 710 460 277 385 290 789 275 130 888 174 624 899 181 479 801 241 225 570 748 746 689 649 286 751 219 791 613 0 150 401 104 119 623 361 629 202 713 852 109 684 437 877 403 185 746 760 494 683 190 482 809 634 413 365 209 468 271 292 866 579 310 564 106 493 141 
246 798 734 572 652 252 527 658 204 598 235 656 665 125 101 458 158 208 723 732 682 509 138 333 230 860 562 614 888 528 590 609 351 171 391 762 876 400 330 647 597 129 771 239 235 199 878 570 322 484 537 526 691 312 118 814 502 243 185 274 830 444 354 0 170 324 672 131 127 604 659 366 171 274 556 126 891 694 740 612 606 724 100 483 103 614 513 500 279 473 504 429 266 790 598 447 682 665 719 189 
495 395 187 782 545 817 461 558 816 639 793 410 281 172 246 470 574 827 386 537 575 444 323 602 374 391 757 265 644 395 734 430 297 246 683 116 892 433 727 772 375 448 453 768 719 228 814 782 834 333 613 632 848 786 264 157 738 492 289 820 760 133 202 718 0 787 318 556 309 782 560 252 292 427 585 137 844 267 368 826 762 383 277 516 837 378 863 229 775 150 644 445 126 375 280 438 773 137 852 621 
621 463 403 325 100 446 846 646 339 320 499 833 507 574 190 338 389 673 348 444 624 567 519 712 716 569 367 790 315 348 698 808 661 420 288 664 168 794 128 123 657 676 112 600 690 181 892 552 443 748 621 206 543 748 114 388 628 655 867 811 215 238 356 847 770 0 233 888 287 503 434 665 877 404 351 353 153 346 750 710 391 867 815 622 236 228 469 203 887 262 215 293 719 359 617 352 897 649 291 745 
399 357 319 506 207 226 800 239 293 777 824 333 540 361 824 260 648 354 153 176 336 487 882 112 355 675 397 737 578 541 237 711 652 336 576 744 863 305 881 538 763 649 274 417 187 714 522 254 278 292 553 231 893 664 205 283 465 189 255 695 456 373 777 713 887 755 0 732 843 122 793 228 188 116 247 215 514 867 396 851 278 233 521 866 533 796 847 768 696 463 822 830 211 784 460 496 135 115 580 645 
510 220 227 614 578 255 637 411 812 522 345 275 208 245 735 631 578 247 126 540 574 422 666 259 248 797 138 113 889 850 146 667 804 525 427 880 735 532 221 561 338 389 635 263 199 605 205 208 249 493 620 113 893 762 183 358 621 355 598 831 710 814 202 734 462 458 723 0 495 585 665 186 595 795 661 763 440 223 416 313 532 543 489 371 192 163 343 247 821 565 585 112 413 199 174 676 564 614 499 399 
262 732 493 560 440 309 294 680 235 130 548 888 641 387 285 770 416 776 482 657 452 425 698 417 593 855 637 898 449 328 398 775 715 126 598 462 147 626 633 105 287 473 797 274 618 174 211 398 131 739 231 331 239 546 230 855 873 691 731 240 893 104 459 343 365 165 583 344 0 439 725 695 705 720 268 862 466 190 566 230 206 300 243 391 612 301 740 828 391 377 249 405 814 498 453 882 814 680 122 803 
123 169 318 670 277 320 384 534 256 393 885 787 243 303 478 209 517 107 854 324 201 558 406 265 655 879 362 776 714 516 777 352 309 563 273 548 558 366 777 136 532 884 867 332 887 255 724 428 640 133 858 496 532 712 700 580 682 406 124 229 321 743 406 368 757 526 847 761 180 0 856 612 611 718 202 790 562 635 880 840 305 786 218 101 232 663 132 354 855 527 387 443 812 200 138 525 494 497 401 815 
406 591 413 212 434 292 892 255 318 341 622 615 529 494 656 687 811 857 113 597 535 716 176 319 492 851 783 807 112 850 131 381 842 804 314 272 236 782 886 413 699 196 856 680 312 685 175 303 879 772 163 422 378 736 326 784 339 455 818 378 585 139 515 610 622 896 151 505 750 656 0 162 274 480 816 536 403 778 247 214 723 691 526 834 773 668 386 867 690 583 646 271 352 538 326 600 751 275 429 827 
412 177 629 813 656 172 288 824 657 764 320 841 250 522 639 423 262 653 571 347 573 355 109 480 409 413 130 145 158 635 307 132 673 595 680 425 136 850 182 627 471 589 769 153 811 498 154 724 732 325 839 659 655 603 255 725 111 156 195 648 232 608 815 390 245 852 193 731 601 299 782 0 233 521 814 728 811 319 785 121 388 601 316 533 646 842 477 671 832 459 433 794 328 293 752 197 352 210 379 243 
110 765 354 109 344 350 360 257 273 470 627 551 892 378 321 446 301 456 445 822 264 761 898 482 382 847 551 403 547 160 177 454 324 182 484 174 847 514 573 313 707 280 216 700 437 880 548 495 567 376 558 724 867 278 196 858 553 176 271 168 618 796 535 493 509 431 279 113 338 669 559 837 0 739 404 301 463 470 130 345 176 223 731 628 230 866 486 191 391 238 292 672 518 292 367 718 890 458 417 117 
500 220 557 289 676 395 634 553 638 299 459 353 132 588 636 357 881 181 299 409 799 458 884 184 502 366 583 638 669 604 824 536 890 658 755 885 128 535 633 499 636 689 453 876 531 628 269 322 503 700 698 177 497 195 208 869 701 899 714 147 397 897 496 305 795 770 549 254 671 251 876 305 257 0 152 321 279 311 644 853 693 590 323 887 466 183 723 201 747 872 815 683 356 435 547 334 827 342 670 232 
504 745 628 301 797 656 299 185 447 440 564 113 663 266 769 313 797 512 656 122 553 240 376 643 160 772 375 856 551 109 706 808 119 880 410 778 726 256 380 476 741 898 216 563 838 508 467 701 328 199 718 882 615 683 640 724 365 339 177 795 249 113 810 121 899 522 155 624 282 779 541 419 676 401 0 355 644 447 251 689 314 884 404 136 579 688 780 719 305 433 530 561 498 670 554 268 280 224 145 372 
109 233 767 497 728 515 898 845 101 811 531 191 691 460 699 764 131 497 264 196 898 441 242 111 549 765 854 801 655 818 880 183 521 759 783 530 863 601 773 790 678 204 552 677 572 843 404 100 180 366 280 467 107 809 595 161 138 859 602 315 681 640 888 330 731 586 127 653 579 449 826 321 584 751 799 0 628 685 566 815 312 620 156 617 551 759 687 714 773 790 652 477 313 427 650 522 484 895 765 540 
345 161 355 827 381 561 520 843 592 378 685 878 832 757 641 687 507 733 433 733 212 789 421 653 843 603 829 318 255 243 435 656 650 652 185 187 775 303 344 143 232 676 417 709 882 585 417 477 406 283 223 682 393 343 836 502 107 184 456 715 595 794 394 741 231 180 427 255 328 716 694 759 453 694 409 301 0 469 140 726 478 522 483 154 211 854 839 362 835 757 868 202 484 138 319 840 164 414 114 287 
271 365 361 596 313 365 568 453 224 421 571 795 527 320 441 536 700 253 216 706 241 872 788 291 269 642 352 116 543 214 202 824 247 768 100 518 800 211 661 465 422 840 781 477 789 582 172 289 613 587 744 396 436 648 216 821 436 298 314 171 858 205 447 814 181 557 414 469 629 699 376 662 171 170 602 451 417 0 183 203 184 367 391 863 256 296 763 453 841 289 414 491 153 487 462 396 538 150 510 678 
350 540 594 475 178 437 482 222 509 602 462 694 509 443 507 829 651 655 833 318 483 831 877 319 892 727 718 667 870 118 598 464 736 349 659 612 313 578 349 785 558 134 476 841 618 350 882 717 834 336 693 212 383 643 694 442 686 838 812 334 677 262 267 414 310 761 729 660 293 535 460 840 738 846 720 124 149 301 0 471 858 887 576 318 430 236 859 466 218 149 642 669 278 477 539 818 476 308 405 652 
789 815 403 348 415 350 736 275 243 500 560 150 800 886 603 512 373 419 314 691 765 100 242 761 555 666 872 682 382 738 443 531 182 365 610 589 200 173 622 215 733 372 527 547 793 684 549 292 448 785 673 694 811 195 685 218 657 132 504 685 630 672 155 893 188 230 234 147 214 767 867 422 536 175 189 715 811 792 842 0 175 157 676 898 115 214 177 650 421 723 372 850 819 149 637 287 198 334 774 116 
200 676 604 164 877 278 525 215 526 280 372 446 556 374 801 652 267 614 760 608 370 216 569 668 650 253 164 242 470 331 411 540 806 852 538 406 707 276 171 393 343 631 881 689 123 659 230 197 798 821 592 667 794 737 302 522 252 358 270 262 616 228 752 646 814 640 385 336 865 781 228 298 485 201 202 352 658 784 367 223 0 584 233 200 769 783 687 680 736 649 217 252 788 141 661 271 737 485 617 621 
226 376 685 579 537 517 621 173 479 720 299 820 755 432 737 702 837 390 171 807 443 586 166 539 671 119 392 367 414 814 737 686 150 616 509 381 186 571 126 325 295 312 613 688 483 403 244 390 552 599 481 515 395 695 296 847 287 421 578 776 663 126 126 657 868 424 276 555 427 604 676 448 657 377 525 631 410 752 384 325 466 0 751 527 746 376 889 575 230 352 239 316 178 186 774 572 658 546 517 503 
737 244 680 137 287 788 445 813 158 397 354 192 707 496 653 520 624 830 647 169 196 479 374 571 510 374 440 862 662 823 300 849 473 423 545 868 345 670 167 336 579 133 899 113 213 152 718 176 250 475 336 374 743 830 114 212 771 686 404 435 656 519 547 327 849 427 414 421 114 818 369 770 449 649 146 631 784 394 355 817 192 749 0 851 892 283 850 890 130 445 463 563 864 707 494 545 395 272 529 473 
389 490 400 887 207 131 174 586 330 520 603 574 135 414 395 217 898 648 776 492 711 798 397 741 411 408 700 518 553 746 339 699 755 617 437 179 389 897 197 773 677 203 271 776 431 561 217 743 102 813 802 731 542 343 247 522 895 458 508 833 743 553 395 701 490 723 339 279 665 443 454 801 206 650 190 794 771 340 237 265 668 677 384 0 460 168 781 304 136 188 610 530 444 112 767 127 266 373 118 282 
390 221 155 610 204 494 503 419 515 405 660 538 606 337 218 787 799 582 292 518 566 515 635 255 865 620 784 753 495 121 397 855 136 124 239 899 129 583 498 114 306 654 314 415 332 570 584 598 531 355 737 631 536 731 714 848 702 376 896 215 489 875 805 243 897 338 845 494 504 169 393 565 448 603 178 859 751 130 643 657 288 839 314 322 0 847 184 583 420 776 700 500 553 805 179 432 841 172 783 454 
168 512 844 524 762 501 812 695 829 543 388 837 145 831 497 283 746 498 326 220 514 320 107 586 803 825 798 655 595 418 690 125 659 337 240 604 339 171 187 605 467 347 858 861 258 313 791 488 678 549 553 847 315 455 559 793 354 881 741 607 830 137 361 466 272 634 838 746 578 383 518 152 791 218 198 849 113 580 713 509 633 435 839 581 461 0 216 424 779 446 564 446 785 184 632 400 807 116 167 334 
351 358 863 777 752 536 582 246 565 477 432 149 493 301 607 720 719 498 149 507 354 625 608 671 355 176 519 822 353 125 721 520 531 603 591 737 178 761 608 805 182 824 559 134 834 611 204 103 633 484 713 434 257 851 500 614 372 562 524 196 534 179 258 285 534 880 214 736 816 278 879 847 809 570 429 306 603 642 709 688 498 165 428 899 599 361 0 325 676 543 367 356 872 592 604 718 388 176 670 144 
365 613 537 812 645 418 853 684 415 806 649 691 817 119 135 163 209 554 798 176 634 697 281 105 108 880 480 156 788 678 875 590 416 563 212 566 716 824 360 861 105 784 862 511 796 571 350 827 836 251 879 656 600 285 206 690 557 618 604 253 418 884 377 749 412 172 178 683 281 211 795 542 878 661 685 234 515 764 613 384 704 433 301 683 346 508 491 0 265 334 834 873 893 669 461 111 747 720 463 586 
194 467 153 795 166 636 812 166 306 648 397 602 448 117 509 174 767 357 436 635 730 118 416 437 253 155 734 630 498 442 813 679 852 268 326 252 730 712 783 700 813 881 217 105 814 310 599 744 215 429 186 759 525 673 619 284 609 467 369 239 674 124 386 447 404 374 785 516 704 758 672 492 628 845 327 759 664 521 500 266 650 632 198 859 716 207 683 249 0 745 259 482 385 122 818 361 354 231 175 313 
479 824 200 783 728 513 633 600 824 709 814 258 819 588 595 500 821 379 218 452 746 512 455 831 790 845 700 316 357 678 618 627 412 449 653 536 584 605 437 745 318 884 496 867 250 695 339 288 508 548 613 411 361 679 502 716 153 854 270 850 522 447 534 651 572 469 261 201 732 713 113 780 707 803 601 619 885 230 636 898 229 731 474 338 697 605 272 794 772 0 832 303 749 566 797 409 463 145 395 418 
267 669 515 496 192 316 182 695 286 564 392 165 477 638 104 127 807 281 454 212 266 483 620 532 318 359 672 559 656 586 599 876 503 787 790 835 537 790 595 457 357 546 593 320 763 316 608 502 576 212 778 704 716 692 510 574 601 119 140 299 809 892 837 756 535 587 447 425 144 223 836 156 626 175 151 131 274 101 560 652 316 583 552 382 342 819 283 206 678 689 0 448 139 675 557 569 412 278 666 423 
883 747 205 104 460 264 567 606 206 730 216 880 542 605 680 324 256 283 604 416 550 183 395 135 480 380 575 175 644 745 733 226 395 264 641 812 666 603 639 285 626 443 217 338 509 250 107 206 675 100 144 141 699 521 281 254 308 881 321 207 378 388 838 711 846 761 611 358 311 846 226 686 202 574 656 318 581 220 472 689 550 238 514 657 699 457 114 478 833 408 321 0 721 667 140 803 773 898 479 600 
709 547 659 216 125 513 738 282 308 390 825 380 401 626 755 176 164 672 330 804 668 440 215 312 718 291 386 756 380 441 327 394 408 638 380 845 182 887 638 176 335 332 666 453 808 604 506 433 726 218 749 672 418 146 744 384 407 834 728 733 877 582 344 340 782 239 185 423 740 375 599 565 531 534 407 749 432 168 122 116 580 794 544 245 726 507 230 459 833 366 138 885 0 396 804 715 837 875 330 201 
136 116 507 695 677 831 441 565 241 604 432 337 400 801 335 113 441 336 771 714 512 495 311 367 397 105 311 595 249 866 464 661 722 557 805 216 777 176 453 131 674 818 170 436 208 345 780 548 602 187 439 148 876 419 578 139 324 355 387 285 724 209 602 738 644 812 461 403 773 554 378 339 165 802 486 629 126 716 521 145 256 123 661 256 447 400 850 164 126 735 543 102 553 0 796 666 658 654 631 849 
119 568 390 605 646 451 234 396 825 116 832 805 792 179 733 710 511 232 415 681 763 236 828 780 411 398 298 124 401 567 797 429 332 893 711 870 444 436 784 241 368 321 683 259 573 674 690 778 353 108 561 408 258 787 199 469 624 198 115 174 235 103 885 656 614 799 774 363 705 253 550 766 640 222 268 722 267 595 224 389 127 335 217 256 557 718 809 741 356 749 736 568 185 649 0 579 676 266 303 386 
728 368 213 470 700 157 775 700 739 271 215 290 302 400 614 668 837 239 698 142 327 165 488 262 686 239 463 726 789 486 802 408 139 508 782 397 852 425 410 476 227 494 337 342 542 758 194 671 376 268 438 334 827 229 715 575 549 249 561 454 339 367 396 705 445 557 424 224 345 205 261 616 430 684 763 694 575 312 896 457 886 537 418 566 322 766 658 829 513 446 590 289 106 480 279 0 594 269 523 619 
865 498 429 222 355 566 704 200 774 114 324 823 466 219 868 410 323 814 403 272 216 495 645 533 103 588 629 414 583 406 729 894 480 224 759 281 554 266 272 760 125 447 411 392 852 273 690 726 131 880 575 322 284 338 897 269 458 615 272 178 644 327 889 822 327 318 279 475 701 121 376 425 659 704 505 142 696 445 611 568 819 741 306 210 893 749 180 364 596 838 460 451 781 605 658 764 0 621 760 450 
113 581 696 852 602 867 771 146 757 261 437 151 855 121 615 689 217 555 861 802 858 436 443 878 490 278 873 719 783 285 593 672 611 284 741 352 711 449 203 517 897 434 315 888 150 589 463 571 407 197 330 544 220 523 524 771 261 618 529 217 463 217 305 830 332 885 746 523 219 208 148 826 649 632 856 633 617 432 461 863 472 897 872 889 310 853 347 622 622 389 308 810 479 125 611 522 735 0 550 453 
267 292 883 157 883 133 548 341 483 200 372 493 898 882 265 529 476 553 647 869 633 886 653 840 541 690 424 288 235 689 423 631 566 399 172 270 628 169 214 329 752 143 358 891 381 246 519 101 643 511 156 761 104 381 379 293 114 209 294 873 426 130 434 342 611 285 260 276 251 167 335 849 265 198 342 536 816 551 237 421 385 438 480 433 114 740 831 497 600 716 221 761 671 831 735 515 454 316 0 317 
573 528 248 328 369 632 570 616 844 819 286 841 890 658 632 118 367 229 590 433 864 829 143 174 896 721 715 841 224 619 138 342 297 405 430 239 657 241 435 629 148 406 400 392 214 187 745 325 115 585 521 517 742 731 203 761 232 637 877 709 365 344 496 713 675 842 852 760 693 685 699 107 220 876 175 316 738 883 267 737 894 661 455 660 811 746 742 523 415 240 400 424 250 301 149 792 416 832 628 0 
4