100
0 784 726 535 792 800 325 181 173 570 459 498 226 574 531 423 143 594 774 450 771 318 682 640 721 554 229 255 450 806 854 239 609 394 574 258 434 683 582 375 426 228 204 320 395 624 321 494 467 820 552 794 513 172 807 522 310 554 776 339 793 865 423 543 717 256 325 637 844 879 896 647 401 739 517 303 667 148 317 692 409 147 670 395 247 272 791 478 722 584 839 195 402 337 169 812 108 306 546 470 
479 0 778 304 369 677 637 589 823 393 134 827 683 636 222 754 159 791 461 107 424 275 754 126 115 887 505 361 421 657 709 128 515 767 475 263 473 735 472 433 428 256 406 774 366 764 826 830 184 750 515 496 821 456 164 561 744 211 628 137 566 153 547 824 358 486 770 290 108 241 823 576 873 704 159 292 103 528 892 501 540 357 441 152 262 325 715 512 499 853 287 548 353 481 716 431 459 200 167 245 
665 219 0 552 836 552 815 883 368 648 581 646 793 497 327 484 384 506 138 777 688 187 540 362 477 495 378 714 166 727 822 816 511 756 776 447 715 149 782 156 749 494 280 659 519 294 514 576 898 410 213 187 748 834 101 543 203 471 309 484 856 129 489 871 107 332 236 198 731 599 718 866 490 213 828 433 770 109 489 413 531 270 659 569 744 574 360 865 877 419 608 884 102 450 735 277 254 588 266 709 
899 442 524 0 730 298 407 307 757 587 808 636 658 118 390 224 511 124 271 387 178 199 280 100 828 309 501 105 750 302 227 635 602 811 467 450 507 689 478 467 202 850 459 759 234 689 277 467 471 512 708 775 137 869 372 485 640 414 273 245 531 289 871 197 438 124 637 643 881 320 597 450 834 179 271 744 809 321 751 429 405 537 286 424 889 701 810 731 173 234 724 163 188 273 442 722 530 505 688 406 
321 722 631 168 0 234 356 659 144 343 721 410 603 509 403 511 384 254 680 868 589 874 433 783 577 602 494 593 309 421 610 544 256 163 536 550 242 387 787 175 645 376 363 648 466 688 252 228 876 682 754 337 737 189 750 462 363 426 557 153 670 582 809 274 806 353 106 509 587 746 880 505 318 801 808 870 296 145 155 269 233 788 863 897 301 714 373 811 491 366 805 846 598 369 429 480 179 151 359 815 
846 893 368 382 367 0 741 636 597 717 610 682 482 219 329 613 798 370 183 483 498 714 365 678 107 241 122 176 157 736 502 428 668 235 830 527 282 698 447 266 237 666 359 163 340 316 676 384 820 207 362 755 634 803 640 719 376 486 573 828 321 397 766 561 304 649 708 434 268 378 353 203 358 471 599 497 854 850 129 480 756 432 334 205 165 704 217 438 668 454 267 179 637 395 878 173 395 333 463 813 
247 797 356 828 826 631 0 430 664 227 362 481 248 147 420 301 891 464 731 146 622 737 378 615 380 841 261 494 691 602 261 868 467 601 199 327 716 553 786 802 854 610 739 273 846 315 749 896 415 823 566 244 877 639 640 476 426 686 534 254 722 131 369 510 456 117 419 721 256 353 317 654 342 108 297 832 426 118 553 628 873 373 259 302 625 861 795 192 735 613 190 206 739 861 259 514 803 523 445 265 
593 307 748 583 628 103 250 0 720 290 764 262 281 634 890 444 426 583 654 808 725 130 735 279 377 860 383 731 713 192 545 195 756 133 153 346 137 325 744 406 744 478 562 748 841 456 508 310 430 474 155 652 721 649 508 398 153 345 738 304 342 877 129 334 668 892 185 573 621 324 296 113 560 462 583 180 709 611 400 383 598 707 305 614 785 320 497 710 589 333 270 600 764 312 538 144 793 858 365 819 
180 686 255 139 888 895 318 204 0 603 101 715 563 584 313 327 588 766 641 703 774 764 234 201 351 701 787 712 261 508 413 865 768 280 447 631 886 821 455 120 336 444 890 786 785 727 375 669 808 467 838 757 632 159 311 118 652 352 733 870 647 313 652 853 305 368 877 364 324 490 175 301 744 318 887 162 720 348 309 524 682 396 533 255 737 648 302 454 595 405 867 500 443 557 622 590 785 484 290 633 
115 409 110 391 697 368 361 642 172 0 843 563 785 525 550 445 524 676 675 519 863 368 382 884 629 127 771 597 276 426 405 854 663 614 318 328 452 606 259 604 528 318 485 660 254 329 412 886 757 234 151 423 299 654 309 583 299 273 261 586 212 706 686 714 824 270 479 800 641 166 182 869 116 441 461 760 391 750 886 833 708 348 584 607 520 607 156 617 895 151 597 612 119 395 821 514 443 838 682 340 
644 671 880 597 888 372 494 134 883 747 0 171 473 100 553 396 201 288 793 784 522 735 613 209 718 891 563 427 882 651 480 129 507 134 155 229 741 442 855 531 838 466 885 745 716 625 308 546 843 560 796 235 712 730 251 695 479 476 775 354 332 623 558 453 716 757 683 345 532 464 179 198 889 372 600 230 614 651 549 304 628 538 401 272 141 602 329 159 232 892 514 686 408 839 260 588 246 648 183 278 
162 871 694 233 521 328 454 893 290 171 376 0 505 790 753 440 535 647 578 854 846 833 240 318 335 740 543 381 710 323 177 249 524 254 214 653 615 588 756 631 601 738 169 363 800 864 812 690 210 196 697 339 705 648 831 875 488 841 494 742 183 813 355 646 124 428 549 259 317 396 601 719 617 498 259 330 494 663 411 489 609 843 320 441 669 833 143 785 465 582 599 678 177 660 242 877 606 322 284 708 
118 556 282 250 843 808 506 374 134 223 481 651 0 298 175 544 340 162 320 137 839 622 264 428 584 871 363 500 831 402 876 651 857 886 597 133 560 240 371 519 764 131 478 716 101 580 535 541 402 800 229 310 510 438 165 722 281 428 309 489 883 565 766 195 218 878 473 155 110 780 444 146 505 219 489 705 173 837 610 366 350 675 207 501 501 440 416 160 325 263 710 252 214 160 155 371 814 353 469 373 
483 572 252 542 168 127 445 102 385 529 788 164 253 0 225 287 251 257 833 578 198 537 142 786 350 299 550 820 292 788 750 632 250 703 766 768 332 876 364 261 667 447 336 588 263 287 818 565 259 673 807 524 316 235 749 657 175 537 613 186 147 848 823 688 754 118 284 163 428 610 107 882 273 129 640 590 333 138 151 493 508 298 471 180 269 530 220 702 634 479 741 697 880 208 242 252 144 193 153 135 
505 550 896 297 406 777 865 798 772 375 321 860 284 237 0 688 146 173 297 143 510 409 114 734 548 345 352 897 592 561 276 271 262 645 680 318 491 881 706 743 110 223 894 374 418 231 677 802 354 290 212 654 629 592 128 188 714 205 644 194 317 321 320 150 608 108 792 495 279 265 761 115 616 770 822 742 887 309 729 779 386 765 676 563 634 882 134 172 518 111 390 565 498 705 468 868 698 837 388 348 
262 517 364 867 285 874 700 676 204 127 198 892 797 270 845 0 217 144 702 262 457 815 323 771 515 753 133 486 698 265 700 410 747 872 283 642 344 102 595 665 153 263 163 449 291 742 847 631 276 349 473 871 115 223 193 395 455 250 583 247 380 872 740 600 820 891 104 421 855 851 558 679 392 435 108 323 692 376 658 470 742 603 420 163 372 384 188 844 776 594 265 773 266 423 256 539 602 620 506 549 
513 409 241 195 654 814 389 343 632 413 244 807 814 668 436 586 0 231 771 852 667 897 189 176 424 694 209 738 377 828 882 419 752 644 710 714 524 610 474 286 854 779 896 298 722 526 523 894 387 498 368 303 471 618 632 648 730 328 758 804 421 570 838 149 672 760 514 627 454 170 886 874 784 477 647 722 238 365 703 518 109 716 497 356 264 355 684 501 327 483 567 200 227 224 438 707 376 734 673 396 
843 773 756 572 632 405 650 157 725 309 335 108 491 500 661 479 635 0 117 291 782 577 844 192 633 231 765 166 757 383 537 257 274 714 597 369 537 633 677 796 795 503 420 631 483 681 763 828 690 118 869 449 173 395 238 655 145 674 634 752 766 447 659 789 305 496 174 362 309 436 144 602 760 356 896 732 426 357 120 532 588 595 513 245 248 665 308 305 195 116 174 663 140 707 697 200 410 342 808 696 
545 611 397 624 297 819 574 481 476 395 838 207 391 863 881 708 744 485 0 842 582 543 611 590 703 152 335 148 472 801 579 650 751 673 566 507 654 528 134 281 517 687 786 447 439 642 256 725 198 384 515 211 301 483 592 420 413 288 164 230 319 595 461 780 280 539 423 735 686 779 762 469 184 736 568 187 711 732 173 110 786 345 703 571 540 289 674 818 538 790 806 549 884 599 726 740 420 742 641 237 
595 716 358 521 431 351 458 461 140 474 787 338 890 101 647 183 405 491 388 0 817 483 808 150 518 797 141 113 259 306 592 418 102 206 239 501 318 356 662 152 454 342 265 198 137 271 329 416 583 673 867 174 877 394 493 773 207 858 425 282 463 781 102 677 174 480 560 601 364 104 154 481 849 283 679 268 777 751 508 649 426 691 260 247 861 668 842 158 173 228 355 805 848 891 400 766 843 185 442 800 
196 532 726 882 124 594 495 229 367 564 802 865 328 620 155 807 882 387 317 584 0 135 136 173 745 216 653 114 567 210 620 556 376 623 607 614 579 719 489 670 686 677 241 327 622 124 426 554 543 541 285 737 838 229 546 178 670 674 782 461 357 481 824 865 755 510 823 734 187 792 893 464 473 845 528 854 676 430 369 179 589 695 426 629 580 891 622 500 758 716 494 560 581 281 431 179 415 803 353 414 
502 369 530 181 883 126 868 784 537 668 519 578 152 672 743 575 326 782 465 603 701 0 704 111 875 192 872 489 234 303 150 572 787 364 423 663 594 539 626 518 423 815 295 651 646 817 674 438 256 524 130 245 351 300 658 255 499 647 854 855 595 219 540 515 318 481 801 234 143 393 520 128 304 405 392 207 471 396 237 447 444 449 710 530 401 390 170 633 828 871 394 626 557 385 378 872 828 214 476 336 
364 324 261 895 233 445 598 726 209 653 337 262 852 532 182 220 236 763 521 128 408 881 0 638 376 544 274 727 841 841 341 214 599 824 136 511 226 472 290 303 301 499 112 166 594 324 384 246 678 444 784 879 240 801 202 252 615 366 638 407 545 335 557 228 405 701 392 230 374 432 348 442 568 809 491 111 240 321 167 576 381 765 617 854 545 475 793 697 798 528 380 177 614 133 539 746 222 862 455 440 
565 390 596 656 835 451 287 454 344 894 406 681 486 394 897 356 153 572 180 345 772 856 274 0 446 744 118 436 551 334 615 853 248 833 639 445 458 864 815 874 298 384 604 804 421 783 719 240 835 834 623 460 167 258 167 636 789 205 428 636 477 153 461 737 863 169 510 276 250 464 205 896 472 298 547 276 376 648 275 671 385 683 163 512 109 580 441 331 264 499 490 257 680 870 488 859 764 417 502 202 
447 526 389 186 718 745 330 821 488 888 780 173 356 620 448 611 794 191 508 600 128 313 713 173 0 892 668 897 633 197 828 752 277 402 257 163 375 315 393 166 565 435 333 801 570 781 870 202 346 851 209 156 322 590 217 697 888 628 413 440 221 256 658 807 607 189 862 574 451 266 347 690 361 360 395 654 277 761 258 424 760 401 775 596 636 283 620 752 718 162 451 104 345 813 734 709 476 234 162 392 
141 885 588 852 694 864 840 852 600 449 425 811 116 442 198 454 623 184 181 201 759 647 289 127 114 0 288 542 507 679 247 150 321 239 673 586 394 857 262 579 290 382 558 495 752 398 551 818 547 213 116 452 762 617 223 408 401 542 321 686 376 770 674 355 454 809 798 624 326 172 536 165 399 104 186 570 405 867 739 436 390 847 843 267 222 614 691 452 200 768 872 187 882 231 358 175 120 256 462 747 
728 393 196 659 572 795 486 273 557 573 889 362 192 545 515 385 685 302 232 224 511 213 412 395 791 104 0 598 797 320 851 173 645 325 571 772 775 405 274 701 111 611 284 114 346 812 406 486 792 134 600 744 704 506 755 162 763 724 403 286 450 589 860 203 858 186 716 347 873 685 234 464 311 509 865 895 224 862 781 558 676 733 214 664 395 146 269 143 798 254 422 114 320 840 713 800 742 100 107 171 
301 472 794 822 309 249 467 584 122 210 889 398 860 360 742 159 100 713 571 851 438 350 717 788 549 643 458 0 399 223 344 797 870 126 670 259 448 306 877 237 228 342 292 489 638 459 430 658 217 423 478 269 357 522 337 899 284 873 701 837 428 359 484 878 780 767 579 881 712 450 217 876 246 475 479 365 394 587 311 591 203 723 786 251 219 257 334 394 464 686 759 808 423 895 589 207 140 818 583 326 
477 695 673 344 551 823 656 140 820 556 790 710 466 399 351 121 670 621 142 328 478 398 212 887 691 801 581 315 0 647 598 620 582 434 700 334 701 349 250 508 500 270 499 571 366 823 387 107 256 615 653 678 690 799 463 473 843 487 192 798 675 294 304 867 493 835 823 428 551 196 124 223 304 231 784 532 608 165 652 791 380 633 332 209 709 408 458 356 769 759 687 224 488 517 571 880 316 717 761 742 
291 555 748 873 421 390 878 845 673 287 860 425 116 459 851 554 748 432 305 674 550 285 605 762 241 129 367 470 154 0 747 228 546 405 538 304 482 784 488 446 699 349 294 677 563 792 304 605 796 433 360 893 551 833 600 655 195 324 430 896 709 786 368 167 402 554 457 771 379 661 498 429 590 233 420 192 757 844 267 210 185 483 572 740 369 560 566 561 897 394 638 599 265 195 411 750 386 749 606 604 
191 890 389 824 645 651 328 841 221 721 606 428 183 497 111 853 870 873 116 774 554 440 491 592 282 825 557 509 277 550 0 345 350 355 754 480 818 191 757 548 400 396 560 205 193 168 822 318 537 688 266 471 552 520 654 822 590 898 441 874 582 714 285 443 372 313 217 126 373 891 481 145 177 816 701 815 380 790 241 818 135 714 493 509 357 556 190 477 588 832 567 421 600 841 399 859 608 740 297 752 
175 710 103 560 899 888 684 609 419 493 507 720 162 148 830 521 810 380 623 450 864 740 627 357 490 559 566 782 505 466 464 0 482 873 120 593 544 617 352 616 594 307 876 192 102 726 804 619 768 492 601 349 284 803 812 261 325 151 697 896 264 804 348 558 312 209 834 646 575 189 240 581 115 305 246 861 780 509 634 379 304 137 364 394 746 763 610 490 103 173 554 532 476 871 859 845 177 749 637 287 
504 732 375 244 339 716 467 682 874 192 598 682 896 816 515 691 476 319 255 303 534 577 816 207 872 635 775 718 454 495 526 845 0 712 651 662 324 742 585 146 745 372 302 172 579 361 364 877 733 611 147 742 127 761 708 436 587 631 141 557 771 452 604 465 210 206 536 634 558 468 244 255 122 315 584 398 332 370 285 652 183 856 448 661 196 257 855 343 899 511 162 797 827 628 422 185 538 520 851 186 
378 154 612 795 715 686 254 236 273 525 495 881 382 324 240 308 138 177 716 128 162 482 592 692 866 742 119 772 251 532 257 158 510 0 522 748 452 234 775 582 335 722 584 157 223 243 112 232 776 313 468 692 351 850 298 214 407 631 861 132 299 449 626 497 534 841 805 246 386 632 483 744 268 465 639 208 720 782 848 301 463 748 190 204 705 618 778 281 815 454 573 418 456 830 773 666 242 162 103 418 
318 502 405 737 410 402 566 796 308 694 305 742 701 404 809 782 583 189 796 230 541 406 168 712 442 647 150 320 578 773 150 150 777 352 0 336 189 824 625 255 356 682 229 158 624 365 527 693 596 893 390 648 778 125 723 355 399 797 607 891 106 204 252 538 259 458 311 755 358 714 115 670 193 488 288 856 777 191 170 377 844 401 435 336 111 795 771 802 163 423 181 240 788 782 209 154 115 528 406 135 
890 595 579 834 614 868 800 421 838 556 295 347 573 874 636 572 761 605 733 474 245 205 450 751 125 648 116 624 403 595 587 598 576 317 231 0 109 788 336 421 516 801 293 590 876 109 367 684 377 186 518 667 480 879 244 205 395 548 113 224 693 710 862 473 716 201 509 723 651 213 266 415 436 576 454 194 314 620 865 710 825 798 424 741 437 476 591 685 510 781 703 303 576 523 803 297 206 657 483 461 
556 119 212 735 391 505 358 147 147 410 365 595 736 214 194 526 373 328 421 687 324 433 527 465 872 686 164 147 160 262 402 520 103 533 168 511 0 326 862 423 627 710 169 294 503 527 621 682 438 120 112 457 501 579 504 391 472 824 126 225 230 222 519 411 560 444 194 145 393 521 129 449 543 164 152 699 869 764 563 372 773 870 541 597 327 176 809 233 486 277 470 379 495 779 391 565 834 225 698 899 
823 765 246 869 557 861 296 705 863 843 613 677 280 135 786 344 159 483 411 199 395 532 437 453 331 498 150 573 129 730 405 631 850 274 571 574 774 0 488 234 397 535 593 440 898 514 713 886 381 887 747 697 516 867 468 364 638 718 492 258 612 660 676 841 838 606 587 288 154 251 690 448 217 265 699 561 334 497 291 536 843 802 649 529 861 827 132 522 801 100 667 133 180 263 839 475 682 454 886 897 
590 729 606 709 545 553 657 189 801 434 282 804 526 744 598 729 566 383 635 507 400 583 898 435 636 704 898 351 519 676 496 343 404 100 683 402 669 437 0 442 152 155 598 667 661 684 133 794 431 506 286 177 545 634 894 601 857 246 329 251 333 768 179 829 280 412 312 347 742 782 463 348 360 182 473 897 810 109 209 358 799 584 216 284 583 847 887 122 791 405 626 720 282 675 158 456 616 589 774 182 
464 475 509 367 319 863 267 514 231 752 540 529 284 273 397 694 679 597 258 647 733 823 707 241 890 764 248 691 343 133 188 857 194 420 218 265 637 488 599 0 355 511 534 682 178 618 436 199 478 264 397 511 824 385 623 247 532 803 268 870 371 755 172 107 280 809 108 665 521 614 609 132 884 398 875 741 790 475 856 117 352 570 511 690 204 661 432 801 450 871 115 674 163 414 487 437 670 435 544 399 
352 189 346 320 763 436 446 274 635 238 295 869 556 551 865 752 569 194 370 388 446 614 215 797 104 799 683 530 704 484 822 233 636 219 829 174 332 464 471 296 0 418 497 719 575 136 899 528 449 378 678 188 222 147 874 859 730 375 308 474 764 570 573 412 558 584 557 415 138 649 889 655 222 693 644 853 519 177 727 251 703 848 471 153 709 771 415 587 873 247 256 391 450 350 530 736 403 509 447 223 
652 143 841 433 635 728 784 100 438 389 780 293 404 157 781 409 568 343 219 576 819 363 267 209 866 756 403 487 262 523 848 710 557 437 285 117 839 641 720 165 733 0 437 277 754 403 504 137 721 679 284 731 290 213 273 618 544 815 864 261 832 702 714 432 856 418 188 258 761 574 507 509 704 216 807 298 544 280 366 739 317 134 543 114 220 748 847 500 309 405 463 541 503 639 751 257 282 776 723 179 
362 563 228 531 716 751 582 121 321 214 784 849 500 112 813 299 374 299 379 526 843 479 228 185 805 427 215 492 880 579 819 541 774 682 535 371 402 353 653 256 746 475 0 614 256 603 656 790 130 792 418 664 316 838 374 688 464 818 324 148 346 479 268 113 565 651 232 560 297 197 155 528 565 777 101 747 465 361 746 702 649 872 614 113 535 601 196 402 551 466 414 224 365 346 162 436 564 418 343 413 
326 279 699 568 133 352 520 794 800 481 787 172 677 439 341 705 230 150 831 119 168 422 619 331 670 484 735 502 815 284 478 589 508 103 552 115 586 637 893 593 670 727 652 0 895 659 293 742 203 369 768 624 615 154 640 229 415 635 103 603 152 201 838 124 779 401 815 240 406 476 399 173 337 599 734 592 874 169 241 168 524 253 624 259 673 398 437 108 349 381 459 830 443 820 155 392 573 618 848 185 
663 543 183 565 520 783 171 503 671 105 850 274 780 719 189 423 407 837 689 190 825 189 711 559 226 734 188 300 829 374 606 599 703 742 564 172 734 755 342 525 745 899 458 825 0 179 719 655 513 367 280 143 288 572 711 878 124 265 714 676 459 318 776 203 595 481 738 776 783 508 266 100 895 784 379 355 369 432 871 559 668 132 722 770 224 203 149 352 677 112 872 628 650 343 896 611 617 528 499 474 
237 237 230 405 673 161 725 597 309 108 259 274 889 427 638 688 887 797 589 763 225 657 619 797 722 377 248 854 140 537 219 728 623 566 821 577 511 501 336 422 560 295 353 408 182 0 896 370 717 889 116 780 132 172 252 822 668 238 432 403 348 721 504 179 813 845 623 628 276 898 282 826 141 897 759 322 458 633 323 155 349 484 497 409 693 207 863 341 490 476 608 535 675 290 141 619 118 104 234 638 
834 369 180 870 536 480 441 126 355 412 261 851 404 468 159 506 121 552 292 895 580 338 274 449 789 668 700 880 371 125 561 311 767 609 625 109 498 729 271 700 165 404 555 123 187 577 0 777 232 661 326 746 878 717 130 386 710 426 106 234 575 857 669 398 582 829 440 755 676 225 859 808 316 825 254 652 354 761 168 659 737 450 559 820 316 530 610 171 466 827 628 267 200 268 161 776 881 712 667 641 
820 694 404 678 465 225 446 590 721 468 203 129 748 199 374 327 265 880 330 177 162 426 167 138 484 343 656 698 751 466 482 563 888 190 532 846 277 560 151 454 671 478 175 299 791 665 239 0 461 512 112 470 343 332 698 202 468 538 824 888 775 274 683 217 424 129 525 690 458 329 564 218 773 657 680 235 856 837 103 677 708 627 270 239 415 169 531 346 571 431 576 290 678 127 899 626 819 644 593 434 
162 800 443 270 201 741 693 230 294 434 885 140 674 706 441 857 117 451 446 615 626 502 582 730 898 814 141 892 803 302 847 426 615 483 351 601 553 728 873 503 129 420 185 121 526 619 475 784 0 633 246 866 838 427 690 605 310 825 895 109 391 309 534 749 345 212 291 217 695 165 526 557 167 279 788 312 133 288 548 402 246 685 870 238 824 404 754 399 829 274 323 546 503 661 485 156 711 421 639 491 
615 716 818 892 754 742 596 324 784 426 772 118 764 634 659 632 621 775 837 675 265 200 742 355 112 520 645 239 122 897 395 785 629 850 557 174 228 568 498 577 148 477 454 890 731 283 168 783 138 0 139 133 513 273 691 756 238 862 568 479 627 132 685 104 546 476 486 708 148 138 278 206 862 495 198 100 416 845 384 362 411 860 291 113 821 887 383 459 887 453 669 688 712 652 197 390 466 237 743 329 
121 846 707 127 678 475 493 521 481 770 554 471 786 503 660 723 494 727 664 716 387 219 669 472 495 848 818 750 493 304 759 841 298 484 402 527 704 245 777 775 404 632 467 739 641 476 124 145 856 611 0 891 647 471 775 476 434 177 848 157 613 495 680 313 675 629 772 421 276 532 758 832 711 822 366 253 426 298 681 661 435 243 673 882 638 121 747 889 349 677 803 697 489 797 382 761 883 772 723 283 
875 737 263 608 152 315 395 895 145 423 725 161 435 428 430 389 604 648 429 671 125 122 634 105 642 570 244 455 125 753 564 375 227 169 585 252 585 772 528 383 688 594 865 167 341 423 139 362 455 482 817 0 560 107 461 541 121 795 685 210 881 805 200 493 694 611 737 823 355 297 867 372 843 863 226 271 256 610 876 121 225 606 573 109 317 754 220 270 228 443 856 769 693 687 891 446 401 514 715 821 
100 856 294 547 197 737 493 823 711 593 323 284 845 698 293 536 375 189 831 755 593 809 454 808 170 406 177 740 828 631 475 869 564 394 652 657 606 725 746 256 734 279 293 745 836 406 519 634 310 512 604 494 0 314 368 466 766 701 845 781 176 877 632 468 521 459 864 104 704 678 341 792 177 653 491 888 355 139 598 621 688 769 372 457 703 687 180 684 825 835 552 802 855 873 397 106 476 831 866 561 
375 775 449 728 498 554 166 384 672 337 571 125 398 802 426 529 742 339 414 801 176 591 263 400 520 184 263 430 673 893 520 231 585 733 702 498 779 204 784 303 164 876 449 243 801 736 809 758 560 678 737 891 425 0 363 297 399 708 808 101 758 633 419 334 430 347 400 399 482 263 347 829 246 120 189 226 113 501 591 707 356 605 468 335 236 184 802 136 445 378 305 108 608 514 192 570 485 637 578 152 
338 534 661 120 771 132 482 829 525 192 764 546 344 690 119 639 510 897 720 869 340 756 196 816 386 425 796 112 827 340 732 567 241 282 579 816 562 565 579 762 713 353 262 690 567 129 411 735 729 485 427 546 807 398 0 254 731 523 890 346 624 181 336 809 676 532 734 579 835 750 683 806 825 495 892 432 561 217 859 454 341 101 469 770 481 510 256 665 533 466 895 710 565 503 868 131 168 356 785 377 
213 804 254 278 871 558 600 289 585 204 679 722 777 850 634 365 225 768 251 352 188 102 848 500 327 693 657 578 483 361 402 777 687 575 323 502 294 192 141 877 102 227 842 628 128 512 742 150 123 376 420 693 889 429 544 0 670 613 293 171 376 834 707 440 106 153 407 227 515 589 673 689 522 294 853 126 208 559 462 874 693 538 746 183 334 179 332 733 546 222 755 198 453 486 190 223 382 145 175 668 
447 401 480 259 733 804 736 898 193 804 759 341 665 804 347 871 442 191 108 177 747 505 448 490 586 733 467 448 496 864 383 835 712 736 859 880 679 197 142 479 470 327 239 198 819 366 595 308 338 778 465 534 223 288 422 892 0 309 392 276 291 816 754 138 231 559 771 785 570 697 388 821 887 725 791 480 831 534 866 549 209 637 834 435 825 106 138 294 569 702 636 593 102 892 574 216 548 780 177 729 
525 629 812 232 448 345 151 524 801 247 401 595 183 855 167 393 877 720 776 879 517 792 281 592 159 848 720 785 570 579 396 677 837 862 240 244 228 217 753 257 165 202 621 124 129 334 462 283 484 625 120 632 241 639 160 294 201 0 509 449 263 552 853 149 875 267 834 788 327 411 746 343 224 846 382 659 761 882 496 883 167 713 466 353 426 548 585 445 223 621 119 648 603 101 338 312 431 414 336 571 
825 644 899 439 834 282 854 119 433 845 726 614 131 779 839 815 323 515 285 326 547 441 267 323 107 542 885 125 712 642 306 324 575 313 578 684 332 483 367 134 260 147 565 359 224 754 720 706 561 746 254 123 857 580 830 593 880 732 0 859 576 710 513 745 676 314 307 787 896 255 865 276 304 829 274 702 169 538 133 846 267 448 168 706 807 510 299 585 360 349 189 512 555 420 628 140 398 151 836 109 
435 482 296 734 685 183 627 110 642 591 367 830 369 149 404 790 817 375 653 209 813 858 501 655 713 326 848 310 305 714 803 774 199 338 210 814 666 748 831 711 230 197 277 470 326 603 874 850 619 752 794 785 130 649 178 139 844 795 736 0 753 844 829 389 841 320 361 110 345 169 614 176 551 880 250 596 785 897 690 459 528 841 258 864 732 619 879 268 458 742 405 460 344 832 559 668 352 682 769 198 
532 788 436 251 398 322 671 500 364 722 835 634 242 392 869 202 798 516 789 676 573 818 389 197 741 100 720 317 722 505 186 727 718 802 487 246 226 570 845 549 162 646 570 449 594 610 767 880 585 364 498 132 228 231 472 552 384 823 884 733 0 446 842 739 374 497 122 514 246 679 350 280 786 787 378 258 149 156 783 219 878 221 427 137 345 266 312 468 671 325 653 601 476 225 534 865 517 869 270 642 
292 177 586 614 411 176 286 811 517 212 427 689 718 388 688 163 729 266 846 276 594 784 502 411 180 786 342 882 180 803 266 387 126 792 596 107 151 751 790 658 345 787 708 185 210 786 518 500 586 883 274 444 744 144 465 671 396 325 685 614 624 0 251 490 218 185 489 261 449 192 849 737 156 674 266 624 719 536 312 797 340 669 110 514 303 703 772 852 624 341 352 675 217 215 659 510 155 484 710 542 
551 704 200 498 851 572 751 311 723 387 243 290 341 423 469 883 231 220 267 700 477 681 494 407 733 116 598 144 461 576 167 788 711 822 600 754 204 818 408 124 307 373 769 411 421 675 881 822 134 690 819 609 826 140 231 495 645 577 772 512 533 593 0 144 559 309 253 161 813 793 835 884 221 411 338 248 831 426 193 322 500 486 427 730 170 308 693 268 370 844 425 651 723 699 246 707 762 285 795 353 
462 232 248 393 623 592 528 358 607 593 584 890 576 218 468 630 242 266 281 658 271 169 272 704 171 201 868 561 127 387 729 876 732 818 730 576 237 677 729 495 687 638 178 629 860 848 384 546 387 228 793 796 279 643 358 347 331 634 542 529 398 528 297 0 485 208 100 390 887 176 202 863 413 330 889 868 189 311 615 533 590 477 228 195 249 829 151 776 700 850 866 617 747 373 714 140 506 778 555 886 
760 783 467 669 381 586 876 771 488 679 580 278 151 491 449 460 364 326 656 207 695 100 356 626 153 816 681 229 736 241 288 351 703 503 618 504 199 109 649 125 779 529 754 336 275 209 738 668 383 158 129 322 514 471 663 645 534 682 479 778 335 495 124 802 0 369 326 336 775 865 429 317 753 725 481 619 724 692 149 162 549 143 552 605 464 277 455 496 383 796 544 429 175 753 606 468 408 500 585 207 
192 558 113 626 367 613 555 873 719 548 133 240 723 841 274 612 465 368 590 246 686 511 782 850 448 291 455 814 163 461 533 504 180 523 798 227 363 636 685 103 866 817 340 466 670 671 740 575 633 802 565 660 482 236 615 816 750 223 787 505 381 635 132 497 513 0 288 741 170 231 810 697 353 626 786 288 713 815 841 598 248 361 376 555 438 399 131 585 601 111 844 487 896 328 481 639 581 443 711 542 
482 426 668 239 714 265 772 710 781 187 147 305 707 153 436 753 479 684 451 780 442 669 290 440 601 877 741 261 234 434 604 177 272 186 722 490 347 185 224 394 294 454 288 795 115 755 331 488 556 517 213 663 612 492 807 260 266 866 807 615 245 491 822 217 734 815 0 840 290 397 124 227 662 629 829 538 400 365 256 619 525 754 841 223 242 289 446 367 886 377 612 856 749 634 698 267 709 688 183 740 
380 896 394 743 247 651 510 898 863 312 188 379 868 198 613 752 613 266 432 421 555 871 318 853 706 418 619 575 262 489 145 683 331 487 769 893 706 266 668 189 618 885 744 765 466 382 748 814 292 355 364 118 112 356 119 277 427 449 775 409 717 177 592 701 257 376 291 0 353 371 204 380 610 129 586 309 423 237 435 613 276 753 735 676 301 290 735 250 740 838 158 693 666 703 742 729 436 574 529 340 
428 126 164 432 530 734 178 741 778 857 832 683 357 379 793 121 184 854 760 334 262 121 170 222 173 177 176 597 225 479 505 183 857 126 386 185 495 403 347 861 486 874 751 403 129 702 126 361 747 489 675 464 731 759 368 690 416 764 317 692 552 151 659 867 669 158 681 144 0 701 313 724 132 792 546 101 510 722 803 107 358 743 835 435 522 126 714 399 375 476 177 224 304 699 231 499 173 681 189 626 
476 624 619 868 722 421 777 862 414 693 178 834 731 130 774 665 384 789 487 648 280 351 391 761 338 658 484 842 767 745 104 101 802 720 885 232 518 819 297 549 463 528 634 746 290 657 649 163 420 878 526 503 360 571 817 873 456 638 258 226 189 539 897 579 265 460 184 433 622 0 710 540 510 496 864 249 623 294 460 747 534 178 895 388 429 566 859 383 789 127 811 240 459 110 798 206 849 255 408 791 
325 879 265 100 550 619 134 182 457 193 685 667 581 437 478 424 824 478 525 547 666 172 843 889 180 213 787 713 717 535 448 380 780 170 396 760 183 573 579 778 842 530 623 646 662 394 670 427 662 284 363 841 608 647 817 775 464 574 736 668 365 225 273 375 168 639 550 489 892 409 0 428 773 245 523 620 732 650 693 457 492 358 576 122 103 389 869 525 675 486 453 891 831 538 464 281 283 432 459 112 
396 784 478 467 517 375 843 196 714 723 169 541 592 595 478 428 214 415 580 450 189 457 508 294 161 480 344 370 213 628 634 347 549 143 709 783 545 701 336 726 683 577 276 492 188 276 518 721 145 245 449 539 571 376 641 429 544 152 376 121 283 470 832 714 755 569 608 584 563 284 544 0 544 274 861 629 349 306 885 681 800 338 610 687 630 153 726 794 419 611 454 601 868 224 207 845 108 149 245 121 
324 882 367 400 216 569 464 661 445 760 155 329 359 138 135 579 273 301 680 105 697 765 357 588 474 801 762 523 175 720 258 177 220 271 100 513 639 779 728 141 229 721 110 888 185 687 587 807 409 317 241 269 432 425 377 870 285 634 273 395 741 863 841 130 588 641 414 240 416 863 232 277 0 135 650 177 535 881 811 254 706 852 463 399 451 834 894 161 333 761 573 135 218 536 605 284 321 524 676 695 
199 157 341 113 341 662 191 567 742 542 124 805 316 653 136 856 229 178 573 227 788 429 486 576 699 440 511 263 186 868 755 730 846 613 721 160 657 855 604 173 299 306 121 645 570 866 889 355 331 624 237 745 794 133 736 398 871 565 473 750 549 792 670 194 603 786 357 642 838 853 745 662 330 0 608 269 654 455 656 697 187 192 583 338 551 781 460 492 402 705 185 486 513 667 498 664 187 386 292 117 
619 611 201 766 608 448 860 577 792 608 755 635 114 676 477 766 526 700 875 614 132 144 433 421 257 547 526 695 666 658 607 318 589 531 167 347 397 236 779 400 879 366 395 102 162 820 604 162 767 862 468 885 358 746 204 470 195 264 785 542 370 792 227 736 887 309 199 325 403 843 232 209 640 226 0 137 318 193 383 109 867 869 897 240 775 859 191 564 485 771 661 739 112 240 202 330 126 227 261 276 
174 755 557 424 573 813 767 538 414 805 170 777 662 882 801 209 139 838 236 424 891 372 653 194 739 416 717 367 659 513 156 390 413 787 652 868 630 164 819 707 776 480 814 639 825 479 504 422 380 743 772 569 312 796 183 234 138 202 631 664 505 651 613 597 406 287 876 794 651 878 771 837 693 729 246 0 167 667 516 132 519 878 379 216 149 665 626 842 488 795 886 235 325 264 679 100 725 320 697 213 
582 867 327 362 138 686 773 373 626 677 167 789 468 182 198 191 362 350 899 182 301 663 422 773 649 211 159 162 575 395 308 679 519 258 245 871 409 196 656 350 109 258 891 134 350 816 894 577 498 876 855 235 261 483 439 177 402 830 593 168 245 262 494 454 363 670 588 334 375 552 214 344 575 406 347 893 0 860 812 398 799 616 846 653 242 232 219 887 285 455 323 890 772 730 511 751 143 736 517 780 
672 103 768 206 592 257 185 378 849 852 103 627 557 348 504 521 547 206 115 228 411 275 477 841 597 390 787 472 835 258 615 269 491 620 147 207 767 338 830 690 331 815 798 166 106 350 358 602 111 861 145 428 114 837 457 129 434 823 348 223 890 282 710 335 291 487 887 825 368 462 455 100 714 629 124 220 665 0 498 736 705 731 721 736 595 286 538 331 614 702 800 400 878 562 533 682 153 278 226 234 
898 159 790 741 213 118 276 533 261 864 417 754 195 362 181 599 190 793 357 213 506 804 883 725 860 467 746 387 613 205 498 340 188 384 874 865 895 668 340 349 436 342 739 141 277 838 450 613 885 779 879 494 164 819 393 761 318 680 800 239 245 497 253 384 333 646 219 843 558 365 208 232 563 754 592 484 644 749 0 593 209 253 485 755 767 778 259 374 833 833 666 116 437 582 264 302 547 880 139 814 
238 354 324 260 767 892 153 778 118 234 872 469 770 183 647 453 871 552 432 598 543 385 728 652 712 280 832 883 135 855 233 673 644 571 484 187 732 856 718 249 365 722 510 881 635 802 556 696 524 163 503 712 664 560 638 789 698 663 170 623 330 681 748 348 225 308 302 733 827 883 709 375 773 313 125 521 154 177 522 0 600 231 882 432 417 616 642 379 711 273 379 112 833 132 391 746 123 661 130 301 
601 448 694 752 641 871 214 758 293 565 734 327 399 870 543 235 193 459 134 260 378 664 847 150 713 391 266 874 411 581 402 469 233 600 521 315 524 341 663 562 321 226 365 500 531 351 168 650 315 104 863 393 623 280 681 265 194 404 476 107 182 611 173 163 774 765 785 546 601 394 221 184 646 118 692 881 150 214 476 670 0 652 818 165 782 447 745 434 174 547 215 428 267 704 149 139 639 252 386 198 
566 695 539 374 637 823 799 401 235 209 166 290 801 578 631 361 399 539 832 339 317 332 517 359 369 230 411 113 758 498 452 302 404 387 278 646 359 343 899 820 867 711 195 483 676 599 778 520 266 684 525 224 855 283 356 765 769 558 229 792 404 505 510 570 123 705 466 286 267 849 650 513 594 898 136 241 761 206 539 375 609 0 524 129 870 345 775 236 740 342 667 686 241 129 243 873 501 154 528 194 
341 678 404 888 420 806 633 519 578 541 840 578 482 764 193 746 103 582 465 328 767 870 225 111 136 166 211 373 818 859 681 687 670 685 675 628 392 405 524 350 104 697 433 606 195 510 566 527 207 843 802 580 723 386 653 662 506 404 667 324 677 294 260 152 216 689 577 748 736 132 456 160 411 138 338 423 524 374 692 372 612 618 0 384 190 182 663 399 410 251 813 304 507 709 733 297 738 808 127 711 
620 531 636 116 640 192 588 505 113 615 177 570 255 461 237 543 828 796 653 167 654 271 873 394 598 591 150 450 560 358 790 735 609 407 322 440 192 734 792 355 453 570 447 325 185 137 634 688 892 587 278 588 150 800 510 621 578 425 638 864 185 473 614 315 522 386 762 319 196 180 511 394 470 592 850 211 165 569 228 118 133 760 841 0 397 746 313 720 512 298 404 229 898 895 578 243 523 641 658 234 
771 477 887 625 348 804 403 813 884 854 573 720 371 768 583 512 816 892 517 125 878 422 250 156 114 634 340 822 593 481 775 193 709 435 137 153 295 167 264 804 451 741 897 703 427 146 358 566 869 615 530 283 556 771 561 385 316 839 677 647 317 129 441 502 835 446 285 215 467 245 723 281 572 865 540 676 826 167 236 549 522 357 423 119 0 292 772 792 213 393 337 188 277 509 646 130 806 771 223 744 
643 245 139 443 637 246 819 547 344 259 735 552 493 552 208 653 190 427 344 411 193 679 314 668 456 168 363 286 252 688 157 315 602 461 756 896 635 674 448 565 337 823 119 810 254 521 811 883 361 874 894 490 265 358 279 887 140 455 652 890 766 288 799 858 332 888 447 886 525 509 133 629 610 307 119 228 200 731 461 133 699 290 855 185 249 0 308 188 354 433 357 861 198 241 846 193 815 436 144 775 
767 765 482 333 260 871 575 882 672 292 851 329 537 575 479 531 767 333 641 136 392 125 608 329 503 223 541 210 459 579 412 870 183 692 711 459 517 628 192 831 144 176 365 421 580 289 457 249 215 453 690 832 137 156 628 310 240 288 442 878 392 288 440 271 358 545 332 312 767 212 579 291 717 503 845 101 535 442 472 495 809 851 884 480 795 653 0 529 628 540 310 895 417 426 456 897 775 746 869 164 
726 837 535 636 415 436 116 719 226 511 341 663 192 152 575 651 312 785 430 273 693 440 478 848 289 318 584 566 467 710 211 555 843 124 245 871 546 117 539 285 772 739 405 835 862 233 668 412 856 106 775 523 281 141 117 823 162 377 555 277 630 449 691 866 504 792 700 156 208 511 810 853 653 476 157 397 749 491 512 425 273 101 771 597 533 238 315 0 354 820 139 692 541 872 740 886 687 301 162 750 
369 614 135 803 125 396 549 497 387 131 778 216 342 800 828 388 579 622 520 897 357 229 420 620 375 552 494 732 480 125 497 290 208 235 675 331 649 635 317 273 836 300 168 883 812 544 784 701 723 318 635 807 348 202 706 198 504 209 651 865 227 713 301 177 479 328 388 576 736 188 337 873 321 788 635 129 244 119 764 455 392 380 567 882 831 785 201 860 0 889 258 869 486 591 509 868 352 610 343 548 
515 734 302 376 511 606 149 690 348 131 339 753 822 649 818 625 877 707 395 418 533 627 167 370 546 689 817 745 800 205 796 469 628 825 739 109 815 624 179 211 306 269 783 689 494 665 160 596 742 822 121 354 473 322 651 590 430 166 305 653 754 565 795 270 292 562 295 209 337 366 298 643 344 808 590 719 369 422 870 789 325 488 210 505 780 562 623 182 345 0 540 728 203 640 443 750 897 877 370 215 
152 780 124 714 608 621 205 667 172 558 545 685 273 501 636 779 558 589 745 303 304 780 234 278 462 880 100 408 164 307 626 423 481 828 368 683 633 310 305 376 374 869 324 516 293 211 814 228 794 421 177 204 506 669 101 470 511 600 148 109 195 314 770 617 546 342 307 556 703 337 656 137 827 131 666 428 174 593 752 884 435 844 887 505 880 239 322 700 742 364 0 713 895 248 477 644 212 347 380 607 
191 306 296 124 525 377 769 807 769 169 724 728 345 888 232 556 258 679 876 388 808 397 813 201 369 753 341 664 459 564 277 560 172 391 655 434 693 563 634 587 610 561 819 616 416 157 342 808 825 708 738 821 501 688 527 253 400 304 833 515 416 658 864 865 137 192 452 889 241 521 375 679 249 418 658 657 600 480 750 159 257 503 675 637 510 886 574 457 751 651 569 0 436 622 247 425 625 567 397 714 
501 576 229 649 186 794 790 645 566 885 555 372 558 621 746 148 747 158 309 356 339 376 416 702 815 339 661 448 652 527 235 571 424 760 533 887 700 315 624 235 815 233 240 352 125 369 261 441 354 136 222 517 417 829 197 333 878 341 516 714 187 771 207 411 881 310 489 284 309 658 856 493 590 398 562 715 818 707 391 186 188 348 673 132 440 623 772 766 655 824 694 138 0 696 877 493 334 384 427 885 
620 725 848 590 173 789 630 600 451 474 140 569 156 584 526 558 156 839 815 404 242 654 783 193 219 704 609 841 531 256 570 181 849 558 160 495 176 164 661 778 123 121 644 819 442 365 741 317 240 176 367 226 428 550 120 652 142 683 771 283 309 537 889 573 200 226 565 558 757 473 515 886 419 103 172 393 177 694 595 802 766 792 853 484 698 171 587 715 219 744 698 132 445 0 582 664 437 584 241 497 
435 298 549 600 155 570 265 295 406 177 180 135 719 532 169 839 534 624 708 805 812 575 773 145 174 421 364 807 570 306 707 640 601 596 748 687 244 654 266 832 714 896 889 284 219 861 896 714 163 468 771 892 136 559 473 122 265 188 631 601 578 759 341 381 411 732 735 438 504 795 803 212 475 750 349 524 484 270 741 151 809 712 195 150 615 807 128 859 392 499 565 323 341 206 0 283 525 730 273 657 
284 697 647 223 653 601 177 646 293 427 852 626 897 536 730 508 159 685 701 129 383 389 706 390 553 554 642 260 106 892 187 843 311 608 184 696 732 381 460 441 432 231 807 446 627 448 259 702 139 855 783 786 171 569 646 267 523 305 505 109 364 280 479 744 707 449 262 103 167 725 671 735 632 378 556 689 169 877 790 191 818 351 539 554 724 356 234 207 681 518 490 828 533 270 443 0 887 740 832 445 
639 451 309 816 381 746 892 770 346 247 722 724 219 840 414 224 524 288 896 881 219 370 730 517 636 599 146 755 724 120 627 882 147 867 642 547 893 591 754 311 444 474 638 715 228 733 746 704 563 301 250 181 678 822 150 126 708 864 316 377 445 808 198 211 835 546 270 441 207 800 587 733 465 721 338 577 552 294 265 248 518 190 264 383 413 793 666 587 596 318 386 403 142 852 841 309 0 691 635 566 
348 883 388 713 615 214 861 321 102 505 630 507 192 428 374 272 438 196 539 820 154 617 341 557 306 649 665 482 826 841 110 801 480 422 221 440 894 334 177 433 206 552 526 480 347 104 166 186 109 546 707 537 586 684 709 409 360 633 878 588 268 406 738 139 640 497 823 784 832 745 545 581 694 702 783 553 158 340 239 397 529 236 122 798 238 470 558 279 739 508 739 420 764 892 786 545 895 0 607 739 
133 399 872 109 360 643 805 404 748 636 365 570 607 675 368 129 557 237 384 501 773 424 678 577 272 320 315 639 242 529 881 620 575 504 654 647 453 119 578 345 520 587 603 802 691 842 128 409 761 238 644 130 704 193 176 815 774 152 146 849 753 677 876 105 363 530 689 376 810 806 194 697 624 453 631 847 557 705 546 806 289 690 868 684 482 346 144 542 316 538 370 442 200 166 519 160 443 256 0 535 
474 524 837 673 587 398 621 352 739 612 571 400 500 445 594 266 697 494 509 525 722 453 133 805 485 645 596 302 413 657 479 288 717 874 188 411 624 778 659 232 428 726 326 486 485 399 307 442 301 729 213 150 779 671 648 270 207 667 448 615 157 829 186 524 159 784 522 322 294 157 554 153 347 448 257 598 889 813 173 416 356 496 299 659 145 745 286 108 429 359 436 438 140 767 370 138 510 765 896 0 
37