100
0 604 819 550 292 110 676 712 707 334 116 659 466 487 213 243 596 843 779 134 244 596 499 355 639 160 778 179 764 319 255 499 310 553 686 721 802 335 471 103 632 633 408 132 190 139 868 428 410 276 409 475 762 625 281 781 577 157 726 659 738 338 739 678 504 710 799 626 446 126 897 343 674 540 178 608 118 671 800 733 321 448 762 813 480 645 579 199 511 133 870 100 568 713 334 175 598 278 770 491 
270 0 396 443 534 385 325 653 869 774 234 752 804 821 596 587 446 405 111 657 549 846 648 623 545 485 887 454 432 565 741 227 177 531 773 171 124 643 170 457 499 599 269 789 872 543 281 254 790 100 772 508 125 373 107 621 306 563 555 168 211 796 795 886 862 294 745 675 578 750 491 636 140 841 839 289 537 433 529 331 219 875 349 211 153 379 255 128 398 820 601 180 840 792 460 529 445 836 490 385 
533 678 0 836 599 654 844 393 534 700 295 567 152 649 203 359 291 856 363 729 497 535 804 192 436 613 623 274 849 722 495 183 138 836 714 724 730 826 378 463 691 724 646 711 787 149 257 512 589 489 878 876 259 519 735 397 106 523 166 188 145 706 138 660 690 289 382 832 794 149 662 442 553 333 562 722 893 229 294 199 123 770 375 141 543 224 691 342 539 872 279 791 889 110 821 161 325 413 841 620 
812 219 392 0 510 571 700 272 626 568 430 166 316 766 118 753 642 490 348 835 700 383 569 835 284 349 686 595 367 690 659 613 652 228 487 610 654 880 783 356 132 498 129 319 860 378 123 834 669 731 659 158 531 805 388 184 411 395 567 369 898 155 224 608 183 453 713 493 662 793 328 383 878 746 241 100 616 483 871 647 191 214 555 716 709 379 755 507 813 345 346 709 107 653 140 117 302 507 488 768 
301 184 238 748 0 523 139 374 654 423 156 251 703 673 832 417 665 817 727 856 553 617 106 456 192 636 262 849 734 359 854 692 349 100 735 281 370 387 814 874 840 897 384 293 467 231 429 792 413 651 533 559 259 553 178 485 877 463 198 889 465 323 627 224 763 274 404 719 548 645 216 261 693 632 676 300 704 203 472 555 116 495 317 872 209 146 846 339 894 568 351 764 542 508 835 259 745 691 557 469 
490 873 283 811 695 0 826 451 886 425 675 378 580 795 166 516 830 672 415 329 858 853 657 487 617 369 554 699 449 247 472 586 642 696 496 621 271 769 387 613 122 106 669 382 342 487 133 559 548 552 607 875 267 495 763 453 274 677 847 177 357 358 663 153 838 207 136 378 192 267 527 388 778 267 826 836 357 804 146 274 485 100 851 155 774 523 271 215 618 835 191 888 665 427 781 699 366 535 725 153 
479 398 482 312 423 682 0 110 142 248 744 180 546 490 544 770 115 700 729 830 505 849 562 859 383 676 741 476 240 754 765 659 162 328 498 185 696 138 158 233 835 742 866 210 707 501 877 370 657 282 780 786 186 229 118 275 147 623 708 187 832 826 671 375 361 161 357 361 445 231 660 588 897 593 292 805 717 848 616 774 112 431 737 194 824 855 326 289 860 412 738 288 203 661 571 198 354 246 645 336 
767 772 397 285 475 834 305 0 145 209 155 885 186 467 694 295 438 607 406 579 659 698 671 585 153 669 198 291 190 504 487 368 155 149 204 576 542 459 248 123 866 145 277 122 816 227 219 506 838 399 425 471 607 631 597 752 327 564 841 403 155 224 238 153 471 784 183 645 802 123 640 593 414 479 353 787 832 101 816 684 713 163 633 514 739 628 357 285 168 606 435 797 782 360 343 549 759 116 652 466 
200 290 636 840 873 433 374 562 0 363 566 668 641 886 334 820 623 359 100 147 438 299 327 546 183 737 480 818 715 154 737 694 418 277 664 883 705 725 599 224 606 445 196 623 698 491 453 639 612 679 282 290 535 719 542 169 127 151 102 105 472 722 376 715 768 592 800 255 783 797 781 282 394 195 589 458 125 177 707 795 835 756 267 282 680 810 774 170 599 540 886 544 730 476 524 123 103 305 611 113 
386 147 500 660 631 786 648 243 201 0 866 232 155 611 651 315 591 203 568 166 847 389 168 848 548 615 246 238 509 526 165 279 885 841 201 704 739 745 740 129 542 205 357 663 452 241 786 214 607 208 785 259 838 178 763 718 417 423 885 588 162 276 441 833 157 541 430 542 254 531 181 847 396 870 897 788 847 805 332 338 382 806 201 164 499 856 452 187 830 644 869 135 560 682 768 861 535 701 895 871 
650 259 547 333 768 160 428 577 604 551 0 582 738 733 864 561 537 241 113 801 729 821 427 754 695 826 514 685 684 801 728 824 294 502 454 867 231 821 653 290 448 588 606 676 400 191 158 562 333 495 123 515 854 334 721 606 655 252 568 221 121 822 785 633 312 555 435 190 766 799 788 427 450 584 256 643 777 296 599 236 203 156 135 394 356 137 606 344 781 385 263 463 382 258 427 749 531 268 247 747 
739 774 663 419 278 205 267 888 548 425 180 0 552 801 427 581 164 839 767 212 131 174 275 425 252 622 748 444 588 473 510 475 676 316 454 384 655 310 711 120 796 485 341 447 719 122 107 823 138 760 530 565 137 519 341 208 638 608 125 634 371 830 399 705 716 728 306 667 614 639 358 842 516 557 695 746 637 382 385 546 834 632 194 722 485 534 375 679 241 395 682 744 408 715 591 607 857 233 105 509 
700 545 482 127 124 765 115 447 642 773 115 334 0 702 848 564 408 863 189 380 798 633 172 686 703 796 528 741 468 448 280 712 682 613 285 725 898 826 744 462 606 827 694 122 837 731 450 322 826 159 455 872 362 804 151 270 761 855 434 310 687 897 678 886 683 133 339 501 219 523 882 533 123 298 702 709 278 575 389 558 274 134 570 328 807 723 753 449 777 567 677 207 690 482 495 659 211 604 388 423 
210 759 163 772 303 160 284 742 649 295 711 533 833 0 834 167 779 185 480 587 270 595 869 320 145 687 735 384 416 546 553 490 560 367 255 434 634 595 871 840 707 228 351 803 208 324 155 740 584 513 682 675 864 266 440 562 644 841 534 241 700 695 658 703 416 611 318 892 521 371 547 216 287 126 388 872 403 778 329 274 306 709 812 820 140 744 726 428 342 644 388 857 396 871 134 783 126 291 850 181 
425 257 866 545 583 321 254 182 322 868 227 704 779 717 0 709 665 477 726 150 407 110 271 812 264 617 422 646 629 349 434 117 734 543 841 128 156 292 756 413 108 100 105 591 447 432 525 130 274 333 313 522 498 138 837 301 562 731 365 853 600 189 457 480 211 220 133 389 893 184 352 653 394 418 677 414 541 699 846 103 166 731 145 494 486 891 121 151 557 128 352 788 366 135 144 803 735 501 880 827 
159 418 177 218 367 637 442 184 512 131 562 640 474 590 119 0 485 741 898 840 731 404 103 384 458 611 721 163 482 396 846 781 212 471 153 682 407 340 336 281 220 771 721 852 686 849 215 699 545 116 595 816 279 787 149 355 582 881 899 719 864 897 559 373 220 507 118 306 502 632 864 511 621 703 863 296 445 693 196 140 550 580 132 780 496 763 176 872 231 230 898 159 348 583 297 318 436 124 776 532 
452 664 691 849 190 772 545 130 712 202 727 430 280 895 604 800 0 616 272 850 261 375 455 658 203 743 486 299 661 749 171 581 591 617 777 705 874 642 502 711 142 855 341 447 423 853 270 288 316 635 139 103 598 684 865 640 668 822 452 591 593 195 724 785 634 581 586 815 102 397 615 404 879 831 890 118 701 129 610 363 535 309 192 640 643 395 675 308 616 518 759 324 317 165 543 335 703 769 628 790 
578 680 495 771 366 299 705 760 886 818 384 364 134 456 789 441 543 0 746 727 166 829 118 330 300 771 406 821 596 860 701 746 345 161 775 184 193 827 716 234 504 783 119 324 332 721 819 417 101 571 120 675 726 779 758 507 167 445 117 699 214 304 524 376 112 860 665 436 201 109 116 622 286 484 629 255 755 619 136 269 372 754 537 453 104 601 433 629 515 149 241 122 143 218 567 445 521 295 512 787 
439 779 199 499 446 856 247 659 202 198 444 505 449 443 620 150 655 135 0 705 657 334 574 146 890 541 501 898 416 737 805 379 523 270 731 279 204 815 185 189 350 525 155 670 555 673 474 510 128 644 378 538 446 521 286 839 177 819 206 351 541 298 509 623 646 215 435 519 596 447 390 454 563 259 582 174 571 796 536 518 669 259 705 684 233 569 578 373 781 234 185 416 807 611 609 362 457 740 495 551 
551 451 892 377 879 327 513 106 670 852 780 802 705 126 574 249 264 892 555 0 360 802 765 678 333 657 875 391 876 806 860 544 320 430 326 162 215 669 613 566 443 365 614 340 266 507 632 402 444 248 579 144 763 222 546 832 636 443 635 743 590 783 847 138 649 537 371 516 378 557 599 715 828 828 297 396 666 140 514 417 775 789 450 338 589 210 550 518 706 472 471 307 162 741 461 415 451 883 872 739 
186 222 446 569 560 523 474 881 293 188 439 475 537 138 691 604 668 486 834 717 0 272 262 134 633 141 176 853 384 165 100 599 759 290 626 653 252 108 894 179 688 659 581 449 735 893 454 764 651 572 272 105 847 158 203 197 682 144 323 456 569 160 745 162 567 589 853 309 732 249 711 463 168 789 617 665 738 346 710 520 169 120 763 466 309 534 282 568 359 761 254 693 623 242 444 531 456 779 706 815 
490 262 837 653 346 228 446 504 453 162 236 515 724 670 588 205 853 216 277 207 556 0 474 738 296 626 579 751 897 386 403 596 144 126 479 408 733 540 183 269 390 192 836 501 457 431 406 891 658 266 699 471 357 337 534 837 259 784 493 798 256 313 481 774 435 268 552 158 682 795 508 686 822 421 222 104 846 594 630 314 327 426 532 489 308 785 790 500 260 807 356 793 431 581 884 824 532 408 111 340 
815 460 515 562 596 518 332 207 651 314 473 373 677 725 750 472 578 337 642 661 425 478 0 154 255 633 609 864 670 792 346 494 776 680 225 377 278 133 841 665 772 526 452 596 826 276 576 520 196 849 668 148 222 247 354 170 665 417 750 547 443 760 791 691 149 350 540 800 580 700 830 560 306 251 408 847 192 235 263 896 449 446 360 803 568 686 493 519 496 852 149 731 272 877 382 112 297 297 315 324 
811 216 757 495 198 674 712 294 391 360 340 391 508 842 268 427 777 379 159 830 542 490 884 0 744 563 870 125 763 269 217 613 247 340 325 527 657 330 418 345 369 864 532 349 324 736 117 394 273 803 398 136 133 212 744 583 126 445 136 125 440 127 850 308 874 829 429 313 238 634 149 348 473 117 134 515 728 610 691 503 640 481 741 511 271 808 425 860 758 530 497 140 677 692 552 304 497 739 826 676 
323 897 734 875 504 516 322 549 561 257 116 495 847 488 311 844 562 759 767 684 535 876 454 106 0 720 589 893 535 149 671 608 223 480 518 223 111 686 456 868 776 772 814 777 739 694 100 108 448 743 829 615 612 437 450 812 867 436 138 423 266 249 312 288 442 277 319 805 474 212 514 228 247 544 388 881 549 217 411 102 805 816 182 337 598 641 571 237 712 397 266 205 602 692 374 542 157 514 263 157 
629 653 278 133 715 606 751 100 819 232 251 625 196 471 460 429 302 836 577 516 163 444 331 715 751 0 170 226 397 345 725 175 516 719 621 300 674 467 415 548 425 603 420 379 472 724 590 610 402 573 154 595 665 853 185 481 546 276 805 427 560 748 274 893 503 747 707 899 348 541 146 620 653 330 362 223 329 327 293 150 368 304 785 584 326 416 391 556 276 442 195 353 383 334 756 702 123 167 767 647 
764 864 381 382 837 329 732 215 488 256 732 263 294 316 524 625 867 346 820 413 437 722 465 630 846 568 0 433 621 570 496 878 673 584 872 337 243 534 872 296 463 824 853 772 588 673 824 402 593 472 140 722 207 139 493 305 584 166 362 855 444 752 235 219 488 195 407 882 271 156 372 102 179 559 631 285 123 533 352 540 652 282 810 418 255 481 859 336 660 564 295 510 550 186 206 300 289 800 661 610 
744 134 498 616 117 411 174 612 659 246 771 181 582 103 858 283 601 340 723 510 571 699 807 706 179 120 394 0 230 340 264 170 798 869 495 737 276 806 575 634 521 453 603 535 698 832 225 269 177 242 383 146 360 259 223 533 861 669 638 519 795 605 868 121 574 711 264 862 278 348 409 570 172 176 798 218 166 513 443 591 367 611 719 603 607 328 896 139 454 794 574 304 732 504 379 453 296 282 451 592 
444 198 818 886 201 645 648 830 264 544 881 294 194 746 844 582 352 654 670 709 758 204 251 209 636 730 514 597 0 538 585 772 743 518 366 160 728 568 710 890 188 367 341 173 683 236 103 198 698 117 678 488 162 383 884 502 740 275 600 611 304 641 576 524 532 605 658 872 836 889 125 425 770 566 598 504 113 419 394 760 882 211 655 506 583 799 398 101 168 476 427 453 668 591 750 194 333 186 653 866 
343 276 149 355 890 371 741 797 503 260 151 810 696 679 592 894 495 488 734 102 683 322 790 246 617 449 596 655 129 0 564 605 492 866 837 457 835 567 755 495 528 506 897 363 542 677 563 609 428 793 219 470 533 459 130 740 896 446 565 856 197 212 328 465 639 321 604 494 266 198 612 484 731 123 431 343 232 804 131 704 711 400 635 719 285 482 705 299 695 874 123 211 189 303 657 476 420 430 723 604 
879 711 590 491 109 203 115 121 602 572 666 402 616 467 341 438 739 355 334 748 700 293 261 324 380 268 606 228 755 891 0 887 190 107 775 688 833 189 384 709 665 740 354 249 450 872 270 589 779 242 550 307 219 515 180 642 622 558 265 711 385 171 622 853 383 333 198 608 382 859 818 498 227 600 561 587 168 158 715 103 744 622 635 706 531 398 363 568 831 358 847 270 115 218 282 853 880 567 730 218 
154 624 761 181 527 283 124 140 456 795 702 602 163 356 152 115 567 529 671 772 274 425 369 508 846 727 372 852 831 357 184 0 452 651 267 342 868 108 487 111 795 520 656 159 523 456 296 271 738 582 601 320 269 893 137 831 883 664 100 246 508 662 607 584 186 346 746 510 642 586 148 151 271 696 220 333 327 374 360 292 150 688 657 718 868 775 546 265 145 716 239 116 390 203 545 739 791 607 189 111 
259 115 747 326 221 633 186 655 579 629 355 289 557 704 204 753 390 442 471 894 128 870 733 354 182 196 652 636 856 869 609 732 0 267 620 571 837 812 268 289 284 295 181 104 680 791 763 280 180 241 411 484 212 161 174 632 171 499 859 666 481 450 273 250 249 353 114 688 503 815 155 866 590 839 775 282 142 518 520 511 230 188 667 495 539 787 349 530 140 545 846 573 288 508 119 394 740 593 829 876 
149 258 576 532 365 704 495 307 403 579 258 540 552 581 138 456 150 208 896 896 541 185 232 130 518 305 892 867 245 366 837 128 698 0 494 116 229 845 647 473 759 584 435 532 160 313 570 222 890 763 761 787 787 477 871 541 163 416 501 721 733 119 331 300 883 313 552 264 149 888 824 560 285 369 727 718 625 334 606 483 862 424 248 146 473 833 529 131 652 746 392 426 629 759 306 571 232 294 113 741 
529 682 356 785 612 725 606 899 272 441 122 801 362 606 417 224 363 373 283 185 382 697 820 828 505 596 282 294 810 579 404 550 523 392 0 459 482 609 163 784 401 362 525 449 855 830 653 113 804 116 820 316 329 150 263 593 636 653 144 767 887 655 104 282 849 161 293 636 300 265 141 215 563 851 760 589 452 814 376 323 160 434 825 454 803 179 438 491 541 126 237 752 700 483 229 563 228 269 132 304 
150 360 219 818 406 657 669 717 815 188 132 528 211 159 326 652 498 114 780 432 762 326 800 215 787 597 754 634 433 342 895 212 423 344 356 0 472 326 897 517 100 324 746 174 872 604 322 396 503 354 572 851 260 411 866 569 335 753 612 782 684 374 810 842 575 339 258 365 532 874 548 222 197 556 352 410 261 412 162 888 516 112 638 864 598 851 610 677 743 324 358 655 274 706 867 449 126 108 205 383 
798 434 425 899 164 898 756 753 377 785 880 443 147 781 144 452 485 639 358 808 763 126 792 809 817 768 626 659 664 501 518 584 782 497 650 445 0 528 613 478 349 367 828 634 189 173 742 288 471 594 676 786 657 759 805 515 497 263 822 290 250 182 373 514 370 527 344 846 130 330 845 711 325 431 120 287 325 108 568 782 464 665 647 116 248 332 577 149 593 365 110 752 721 480 221 161 883 413 841 485 
351 253 787 705 601 581 663 128 798 822 745 615 403 319 285 752 767 456 297 583 126 702 857 776 746 328 307 849 799 763 534 827 781 741 325 456 822 0 450 302 316 645 415 123 470 453 164 741 590 722 544 467 402 513 469 595 431 529 455 598 398 523 429 779 332 899 516 133 831 398 425 609 585 199 268 526 366 180 122 271 136 307 333 580 555 590 866 175 811 714 554 515 425 361 195 509 276 535 138 733 
411 757 719 113 158 251 887 503 647 645 179 511 456 792 666 809 186 726 641 576 734 834 648 219 330 837 670 267 508 176 727 360 439 730 839 823 519 711 0 323 666 382 484 670 847 412 594 237 856 715 531 839 716 555 893 399 744 736 238 556 277 860 471 771 283 573 394 860 187 366 387 408 826 828 741 165 451 374 816 547 863 267 416 865 684 391 273 357 454 142 409 108 566 275 246 380 663 751 794 494 
643 223 391 757 750 274 550 552 566 590 405 779 113 619 816 846 485 542 334 892 361 678 841 758 802 804 203 447 629 689 106 773 806 465 433 537 140 648 879 0 690 535 321 362 422 433 638 650 353 554 516 332 748 349 347 747 145 291 162 497 895 360 331 668 703 886 688 297 156 317 294 191 285 417 310 724 419 759 823 339 135 273 555 598 626 313 255 650 865 295 644 526 764 404 240 899 624 312 616 595 
755 795 342 665 424 406 604 371 300 696 516 740 129 438 692 809 261 505 823 710 880 211 296 771 795 524 883 528 150 636 798 436 361 236 522 278 420 150 876 211 0 834 292 552 182 719 592 531 754 620 539 309 327 136 105 631 700 371 135 555 226 733 899 208 486 855 482 447 457 117 540 652 129 315 616 425 531 777 171 559 789 388 142 379 263 112 763 435 404 621 806 837 379 111 548 879 760 368 604 319 
622 140 742 358 510 528 213 111 896 295 898 233 267 318 713 498 144 591 111 392 457 792 868 640 589 361 537 818 592 851 307 594 503 100 656 829 248 290 711 224 809 0 162 168 779 169 424 809 593 655 614 362 637 744 604 370 299 882 598 736 347 568 292 555 528 369 284 370 598 799 697 784 770 535 761 309 372 350 205 120 676 549 446 547 431 588 694 729 880 898 379 609 348 349 772 316 358 152 157 378 
783 113 701 783 653 364 281 318 655 136 291 897 266 581 414 530 230 717 451 626 107 820 209 606 623 185 515 555 369 249 562 275 782 857 453 671 408 436 579 769 387 715 0 581 791 114 198 356 515 361 169 644 798 343 740 508 442 556 644 612 630 154 514 453 714 890 426 477 740 129 590 828 179 727 873 279 503 469 347 397 264 714 488 361 874 574 611 856 635 243 173 819 452 549 684 687 266 574 856 164 
847 749 167 157 687 789 467 711 679 810 543 461 192 631 568 369 405 358 867 574 143 551 715 584 763 260 786 697 801 222 336 888 816 693 653 815 562 398 208 622 344 708 223 0 425 183 542 782 158 858 428 813 575 128 807 151 434 410 601 606 217 581 732 133 716 209 655 155 160 280 340 304 344 343 675 212 732 559 356 523 114 711 403 102 649 839 763 456 420 667 493 596 790 486 387 132 898 675 687 773 
637 299 797 441 627 453 648 455 240 663 338 266 167 664 720 153 331 825 883 411 186 803 107 755 689 429 153 447 323 364 332 847 229 756 204 791 122 817 681 641 154 380 476 198 0 513 844 792 218 328 279 559 682 457 708 199 409 434 265 387 329 869 604 837 108 466 502 611 267 102 625 373 137 235 422 502 889 733 618 183 531 469 149 826 550 838 284 142 292 295 492 817 829 682 236 856 135 482 102 556 
172 775 198 826 573 486 257 427 696 235 495 110 625 336 355 820 265 641 825 544 704 766 225 651 408 664 198 251 777 319 308 523 379 168 808 182 434 701 491 391 313 550 463 140 755 0 254 635 254 144 307 310 582 797 595 250 166 463 683 603 498 775 310 439 169 301 298 203 623 637 410 125 869 612 479 712 294 828 411 700 340 491 290 590 696 461 163 876 259 112 262 462 343 298 222 416 308 326 280 189 
137 374 151 154 872 709 196 629 391 659 580 428 550 110 894 249 754 263 194 360 657 690 315 659 856 758 624 530 845 151 342 867 774 572 682 882 256 479 853 302 305 473 882 557 801 182 0 265 594 235 345 602 234 697 100 682 185 671 640 361 350 797 403 438 112 468 321 304 338 731 697 131 478 329 424 239 512 367 514 576 515 732 736 118 825 807 113 748 208 818 893 502 248 352 830 612 660 707 734 746 
829 685 434 199 160 366 265 863 517 215 605 640 604 305 333 351 742 144 665 574 155 613 337 674 660 582 699 669 861 743 894 534 558 741 484 262 361 875 489 361 558 644 251 469 867 402 796 0 453 517 489 542 560 262 132 370 553 853 268 676 487 807 227 373 164 137 419 282 409 355 629 596 262 181 551 859 314 358 632 269 252 226 635 187 342 718 870 269 684 498 867 122 822 249 338 536 612 527 853 598 
276 788 496 896 346 322 751 432 229 229 280 597 170 341 601 169 890 740 869 624 830 859 807 786 664 283 397 378 887 525 292 640 869 667 152 492 119 627 326 113 786 600 134 794 152 150 141 605 0 858 824 375 256 224 876 449 394 130 325 607 601 497 432 159 181 877 893 123 339 220 578 474 487 887 316 385 561 579 596 775 717 646 679 896 634 710 156 349 509 385 713 815 149 147 269 114 790 451 752 712 
760 331 426 776 447 293 549 517 446 669 814 322 785 549 319 106 493 766 503 346 779 817 672 476 487 603 557 871 818 734 268 543 435 312 169 785 279 396 520 618 593 874 246 878 866 321 372 892 826 0 497 654 419 746 802 129 247 257 379 843 845 181 517 306 584 409 152 559 381 706 398 232 311 326 857 312 170 106 629 341 150 861 667 169 899 705 376 617 752 199 226 139 330 411 661 585 790 223 331 345 
219 784 206 390 317 530 539 450 677 444 779 150 808 218 828 140 640 308 449 521 893 654 438 874 624 820 825 485 757 878 863 465 554 703 473 808 428 127 461 846 598 223 344 455 826 232 381 535 174 623 0 643 248 577 865 426 677 810 178 766 238 581 834 854 471 226 353 359 104 221 460 500 750 256 267 337 836 158 800 573 288 669 594 122 310 697 222 577 737 268 378 280 638 514 820 117 409 612 127 806 
430 740 742 631 223 475 265 118 613 125 791 152 692 714 270 177 497 577 592 580 673 148 549 671 743 268 656 778 614 400 415 457 562 469 774 866 161 231 639 829 812 550 823 627 843 663 240 681 241 813 306 0 897 432 724 826 388 855 713 684 766 100 829 118 809 393 251 428 825 420 397 180 138 326 854 709 320 865 699 514 747 673 542 136 223 618 192 160 181 581 416 367 618 665 530 368 538 333 376 551 
161 557 680 158 723 110 481 242 693 836 649 157 483 428 421 478 449 471 481 720 317 628 397 686 578 440 366 419 480 899 258 755 285 645 533 559 175 806 482 889 522 834 532 249 705 775 102 145 602 378 249 783 0 876 879 762 234 405 603 829 413 602 334 126 113 659 840 300 710 175 197 161 603 525 541 631 346 667 302 539 619 869 448 220 344 396 302 532 552 799 125 277 478 883 589 729 861 146 311 309 
830 813 131 614 372 686 657 898 118 731 858 385 676 204 766 482 182 162 230 333 402 423 606 673 307 248 355 658 329 556 656 162 669 327 519 618 555 286 166 879 256 820 322 375 796 570 107 440 372 854 330 317 183 0 142 613 256 204 392 109 732 555 476 810 325 160 793 625 802 607 789 795 808 531 316 138 182 728 464 675 326 106 525 263 811 454 508 161 656 104 579 214 855 235 109 229 809 869 673 252 
603 715 237 175 279 846 769 488 618 554 869 459 553 546 655 275 625 166 526 736 880 272 819 190 138 819 115 545 861 339 497 278 526 301 617 288 101 376 209 878 287 496 606 306 676 678 168 887 686 844 105 758 182 711 0 316 377 585 196 846 809 203 786 696 744 335 109 695 198 781 465 491 554 216 486 635 232 871 293 273 234 111 803 110 342 550 241 819 384 760 267 306 269 250 106 421 331 438 650 116 
802 354 833 472 427 209 899 872 283 745 893 334 198 822 897 657 773 828 662 314 367 483 308 513 412 782 620 385 405 143 430 421 584 883 778 860 397 495 436 507 379 512 125 116 586 859 134 294 217 811 425 780 119 254 526 0 242 222 139 369 866 459 627 523 598 824 308 432 840 210 330 426 552 123 752 367 325 524 280 598 112 301 681 428 118 323 307 327 772 140 694 879 133 510 654 852 373 790 598 596 
323 124 327 146 490 254 537 776 322 131 726 295 887 281 576 897 577 340 126 800 833 343 496 815 770 517 711 763 304 701 340 411 624 712 797 405 887 299 175 262 762 153 533 694 612 348 594 414 843 173 412 397 171 875 308 274 0 203 842 676 493 688 786 242 454 761 467 179 393 353 465 124 329 838 572 250 454 113 509 424 655 427 768 222 500 170 290 102 435 631 155 360 470 855 376 130 109 769 577 512 
539 304 118 688 230 771 122 359 735 723 637 550 628 654 550 379 259 710 381 350 599 744 747 673 216 468 652 447 200 693 790 743 627 406 849 885 378 162 805 343 877 202 280 225 245 202 474 276 442 585 210 355 880 736 267 496 459 0 129 798 183 523 161 546 652 883 689 618 161 886 871 644 345 734 466 841 883 823 678 456 883 129 870 810 741 717 161 195 536 680 767 573 561 577 455 853 671 838 214 704 
644 253 161 807 748 247 317 323 434 787 359 624 641 196 320 619 402 774 453 608 755 206 830 521 272 199 354 279 191 287 779 173 111 664 552 859 271 137 480 432 263 763 826 261 290 492 759 682 417 407 790 119 304 279 842 361 684 852 0 471 568 184 848 644 276 122 726 685 566 859 523 556 319 899 234 601 539 577 263 619 218 296 427 280 720 841 362 125 813 315 644 257 291 704 702 880 690 487 848 212 
665 781 179 199 110 454 325 807 372 462 856 345 381 383 750 116 260 697 160 819 697 635 255 558 693 427 366 739 224 702 317 411 742 728 552 812 699 178 616 747 235 631 624 826 721 677 102 316 491 251 871 642 895 851 217 207 668 507 790 0 289 597 110 350 547 685 291 385 607 497 800 143 448 533 517 428 327 404 352 433 557 595 124 322 523 664 847 473 898 325 166 172 214 680 261 254 686 876 437 840 
148 380 828 760 535 222 834 767 516 582 249 482 176 832 808 601 402 302 640 821 590 381 159 136 418 729 843 525 102 658 383 367 628 406 875 431 413 551 719 103 641 588 880 427 367 762 484 304 476 314 631 888 550 556 742 539 461 214 739 364 0 780 240 119 275 119 361 413 585 768 899 432 420 387 266 522 713 711 604 685 876 876 875 383 876 305 182 572 812 422 798 439 235 422 444 155 657 870 730 646 
716 453 743 137 152 694 864 649 607 362 185 318 165 169 740 599 665 861 490 469 286 644 253 313 472 431 831 155 393 205 118 232 314 128 431 613 451 521 525 374 102 286 627 466 707 554 347 711 482 714 628 672 735 646 463 620 503 402 464 741 392 0 845 425 395 633 783 264 493 627 565 272 684 115 850 196 149 168 883 630 768 291 358 181 435 618 782 742 229 483 807 541 847 887 860 279 208 350 401 179 
205 470 197 473 149 805 858 209 440 475 548 371 428 757 662 139 237 200 730 393 280 201 496 218 305 552 598 282 250 882 771 516 308 483 420 235 686 714 105 496 234 757 114 897 611 696 323 791 177 142 140 828 447 423 572 397 736 666 278 597 228 284 0 725 174 533 671 423 526 310 561 809 624 810 275 114 317 611 306 357 582 717 849 722 628 862 896 805 803 883 571 811 828 185 308 680 795 322 299 745 
324 366 655 322 645 698 280 157 467 807 214 601 747 449 386 786 227 801 537 809 570 571 421 245 326 346 643 761 155 438 532 643 598 796 142 515 404 792 252 720 639 843 639 513 313 236 146 338 828 413 779 847 305 234 438 550 278 275 635 713 213 102 889 0 450 753 310 668 172 821 720 378 724 887 458 665 628 833 161 261 129 450 589 720 314 124 713 715 361 481 845 345 795 577 605 899 197 674 524 759 
414 491 690 107 512 666 611 193 665 169 460 399 150 144 335 706 795 133 837 366 324 146 335 316 173 813 199 173 597 537 845 341 372 264 835 681 689 480 559 654 687 725 356 816 293 324 251 390 832 204 310 622 341 124 402 248 397 596 308 513 150 675 587 438 0 325 583 622 756 131 834 433 110 433 641 229 180 431 600 842 595 565 286 167 153 314 476 199 678 801 557 479 321 280 818 123 737 350 511 431 
680 549 440 352 561 363 210 429 419 870 805 565 295 312 156 685 405 203 852 659 176 170 766 885 895 364 159 308 121 873 162 727 457 117 832 700 676 156 163 171 673 527 631 587 685 521 575 239 894 429 375 807 144 394 762 631 898 573 730 160 290 844 880 241 720 0 266 824 881 191 353 347 664 132 318 590 197 401 372 517 567 409 814 247 246 142 760 357 166 874 617 168 124 623 676 821 670 701 209 643 
224 453 146 554 623 646 148 496 831 298 566 869 228 293 547 273 888 745 592 516 349 302 889 397 319 349 689 392 711 426 826 439 460 707 385 182 671 593 164 359 847 473 233 792 317 667 827 279 342 185 165 158 101 371 543 877 519 428 127 377 826 564 890 368 645 176 0 160 440 641 280 287 438 740 350 460 179 354 543 107 410 202 256 190 307 264 732 611 483 406 732 739 319 334 505 712 286 730 564 189 
493 366 728 370 765 698 170 184 839 763 385 413 298 347 579 606 722 894 742 772 788 234 412 718 680 353 513 849 282 209 525 476 592 450 493 482 497 257 827 475 113 731 780 235 410 507 745 720 240 719 616 839 212 750 417 639 551 848 785 365 691 340 808 587 656 385 728 0 278 305 340 800 809 637 755 748 709 557 795 676 367 893 315 459 169 893 267 547 674 861 774 164 332 734 791 385 347 313 263 121 
681 644 832 728 360 809 663 266 403 342 741 558 848 487 221 411 730 466 457 244 563 513 438 755 793 765 511 804 729 429 619 325 235 549 521 891 399 308 137 353 450 771 447 297 449 594 526 838 670 812 893 522 209 490 774 756 584 396 218 257 570 442 365 842 808 495 622 829 0 109 619 590 529 389 690 220 795 800 136 442 522 326 420 809 407 816 320 853 705 146 157 552 401 690 759 615 687 316 505 231 
136 698 723 832 447 331 275 431 784 245 252 784 257 742 712 549 429 393 400 520 546 567 237 463 505 870 141 144 485 641 589 102 170 405 610 267 766 899 686 283 676 664 109 390 838 138 614 138 899 159 336 827 298 604 877 819 531 199 468 661 811 827 450 562 542 256 102 508 293 0 465 616 349 847 754 365 183 514 474 895 280 840 517 487 724 663 671 552 555 379 302 631 359 168 170 486 667 327 687 897 
431 300 871 737 411 723 234 812 672 657 385 750 417 209 378 796 352 611 814 771 863 699 396 231 330 719 854 827 325 441 657 895 215 365 631 140 546 687 778 644 219 221 599 135 758 762 525 522 324 749 427 623 471 652 106 584 307 367 114 510 745 410 107 226 329 269 605 273 465 604 0 751 731 873 447 758 557 520 364 133 722 886 467 294 436 832 706 884 140 191 493 182 356 214 135 253 822 138 483 371 
151 516 137 397 650 892 460 498 728 301 836 134 259 114 748 339 692 210 221 406 542 735 837 878 680 197 484 186 402 125 362 352 334 744 605 363 236 526 111 538 157 520 543 214 660 401 561 695 222 776 305 831 488 174 704 527 880 460 691 244 527 146 471 131 346 646 515 288 253 759 898 0 549 853 580 630 536 821 225 358 561 618 170 525 662 588 263 493 225 282 654 374 473 422 163 532 524 233 809 292 
415 274 402 516 225 426 363 746 597 528 266 708 671 293 824 262 786 598 593 300 460 141 147 170 744 735 489 350 323 159 403 479 246 529 422 444 857 321 243 162 482 213 286 674 367 646 163 291 700 530 438 112 490 447 249 847 560 229 630 694 704 281 730 128 326 620 191 794 243 116 159 212 0 151 507 125 235 149 541 534 358 825 108 791 328 511 489 478 209 127 543 831 596 597 440 123 490 776 641 880 
529 626 481 724 598 172 469 196 714 218 165 220 646 499 708 764 894 710 384 699 395 764 305 893 616 210 126 239 416 711 296 432 253 564 545 373 288 660 825 226 180 143 344 157 224 460 695 125 538 381 275 861 111 174 876 833 807 150 862 461 591 677 130 400 170 762 161 453 221 848 444 451 216 0 621 555 314 325 436 196 808 296 477 663 620 815 494 262 614 737 507 433 288 845 475 684 185 309 784 898 
246 143 754 209 756 747 872 742 851 154 526 424 894 314 721 773 727 621 313 737 668 285 653 735 505 791 204 877 298 293 364 515 538 502 614 480 887 120 890 170 895 338 333 779 155 225 888 150 358 511 291 669 141 231 740 165 521 824 541 517 580 705 334 185 407 239 360 510 561 114 164 273 795 824 0 488 623 103 403 593 871 570 387 232 768 506 862 549 646 308 710 328 701 736 687 793 801 214 208 316 
319 163 673 394 361 127 580 130 747 614 688 667 646 277 206 896 418 812 802 731 567 162 826 662 431 366 590 828 229 725 286 564 709 541 808 608 418 677 521 557 111 385 644 370 772 315 532 897 506 215 225 591 844 444 843 472 415 329 507 431 133 311 304 445 511 530 238 526 577 691 596 837 166 842 307 0 639 614 645 363 181 499 180 399 714 752 231 567 132 125 209 317 717 343 864 551 486 688 627 164 
524 318 266 344 151 668 309 636 157 438 750 269 372 846 247 569 107 295 252 310 675 178 240 114 674 576 294 602 139 567 172 724 376 387 601 272 540 330 377 278 248 765 309 282 847 608 516 228 536 766 109 787 888 164 510 500 506 155 628 124 460 364 674 771 423 574 786 819 867 202 228 833 479 345 810 616 0 374 620 316 407 130 375 514 245 131 527 827 483 640 317 724 318 447 205 123 241 136 292 621 
834 734 128 516 303 259 270 374 103 751 425 287 694 593 159 570 315 641 539 127 114 103 379 348 402 893 873 197 756 161 728 382 288 473 209 452 876 612 794 703 411 700 476 412 224 894 825 212 840 402 330 334 803 861 540 835 171 617 164 573 730 765 580 605 529 126 247 241 550 829 317 342 542 406 698 761 570 0 372 410 152 413 218 678 576 376 830 448 321 121 561 546 666 430 609 247 781 748 750 134 
735 415 306 425 501 838 324 264 121 880 323 129 532 665 862 247 629 149 578 314 177 612 422 425 828 147 881 562 313 576 460 867 820 386 769 665 805 174 446 306 697 728 591 639 803 396 421 697 791 346 659 257 183 205 735 219 673 819 209 419 485 482 483 858 735 358 723 699 355 815 415 577 395 248 886 171 786 287 0 285 387 507 272 452 571 668 623 322 444 800 471 294 149 223 821 308 673 502 797 185 
346 716 720 252 588 824 147 868 663 490 552 887 542 868 853 894 363 606 194 144 615 593 347 758 812 705 502 847 600 738 171 304 660 614 220 708 742 749 170 338 331 730 792 315 273 814 520 444 140 217 387 700 555 862 238 187 426 244 230 609 598 102 534 539 497 238 273 131 591 724 118 399 244 243 764 598 163 208 204 0 523 889 588 101 688 362 729 187 497 242 789 742 133 817 429 187 208 553 196 506 
647 874 505 680 363 499 709 430 761 336 184 440 752 460 720 433 234 552 680 138 233 798 829 195 643 331 893 375 142 374 723 185 373 358 853 156 622 606 316 432 267 440 763 495 755 458 230 484 187 262 632 643 476 377 240 129 403 849 685 434 802 782 783 303 273 120 885 721 116 577 845 707 212 212 620 899 851 561 694 704 0 507 239 806 397 526 757 357 824 435 862 768 379 106 555 345 535 171 234 231 
789 365 644 130 495 645 586 306 246 617 142 493 482 249 417 770 133 204 609 834 241 673 687 452 430 575 703 327 316 455 576 379 810 343 291 242 871 240 344 411 131 272 268 599 279 495 290 882 467 304 838 234 466 352 883 345 705 521 344 279 774 656 629 774 202 123 497 736 632 809 363 346 663 207 759 766 464 626 611 632 524 0 710 806 883 805 845 818 730 445 468 703 162 792 369 225 730 473 375 238 
385 657 596 690 284 841 386 100 127 645 303 229 110 630 407 196 445 298 713 104 294 399 529 455 256 252 101 119 353 654 531 816 198 649 137 632 470 174 318 219 774 698 226 867 438 842 781 588 742 613 181 825 216 750 330 221 351 867 402 201 786 248 300 387 489 626 105 770 866 624 822 226 794 346 485 208 234 382 563 605 605 198 0 365 639 254 352 724 142 175 344 614 842 441 116 845 426 759 494 150 
471 848 452 217 776 834 101 490 132 533 221 122 548 782 388 757 735 207 530 477 326 259 605 789 824 210 328 560 474 651 267 189 725 776 657 144 726 673 671 445 188 631 313 799 573 556 309 758 380 812 175 421 733 808 649 431 772 562 593 206 310 226 352 682 401 650 274 414 838 698 665 724 377 427 588 439 212 825 576 802 464 627 824 0 592 703 635 579 448 528 295 825 209 809 214 170 536 436 602 439 
759 798 209 158 593 501 178 452 430 711 104 408 164 466 350 395 813 472 571 370 394 582 194 364 437 737 109 384 596 197 219 753 261 360 421 750 472 113 702 183 208 610 164 273 504 575 380 302 476 438 236 714 127 102 208 187 642 367 586 647 783 490 389 726 590 364 304 213 468 829 731 232 658 821 861 196 780 747 578 349 892 724 210 369 0 183 527 643 757 239 204 686 624 346 669 685 812 513 495 740 
303 204 348 729 815 633 296 145 579 873 116 498 263 790 627 415 829 596 796 338 524 842 138 300 313 701 251 396 385 377 556 164 895 307 608 412 281 857 452 153 459 825 557 569 686 558 174 838 293 608 540 612 571 894 323 513 400 280 446 253 520 308 708 571 404 891 803 119 718 784 787 384 416 411 886 543 204 826 479 268 108 517 726 366 199 0 669 666 219 546 461 722 145 197 707 658 874 646 216 213 
433 855 773 886 456 776 411 730 776 172 866 407 140 290 825 219 159 558 513 868 209 399 453 286 177 613 227 350 381 302 525 554 688 282 679 305 310 455 538 706 864 528 701 244 632 562 512 419 492 777 333 191 412 294 306 254 484 483 665 577 516 723 473 760 635 433 789 464 181 280 580 886 303 887 881 181 321 347 358 789 206 493 763 705 593 392 0 409 280 873 589 706 319 267 489 385 235 705 705 776 
796 893 152 566 719 457 174 855 254 599 281 886 280 601 113 655 788 280 571 292 170 476 180 567 182 884 407 842 328 738 619 392 394 774 685 115 700 819 747 893 684 859 386 686 775 676 499 252 747 727 487 375 514 667 828 881 576 737 513 728 622 747 869 426 103 315 474 665 312 317 357 575 393 396 660 625 744 714 305 729 749 237 253 440 615 862 810 0 327 817 664 416 633 529 742 148 649 416 573 224 
298 829 287 193 311 654 222 351 494 684 379 703 884 562 191 477 891 865 704 378 378 357 352 193 675 568 769 530 587 595 807 256 481 257 316 754 536 400 848 735 216 343 227 533 121 486 351 590 442 863 370 245 844 394 669 207 266 287 673 813 591 812 146 221 453 713 230 394 746 112 160 470 182 823 799 141 611 790 597 605 494 291 723 832 215 830 506 555 0 688 575 245 709 771 557 588 185 206 687 590 
764 683 340 304 490 679 712 310 540 699 243 893 337 738 486 873 688 315 116 415 418 328 128 137 403 184 716 686 797 796 209 376 757 505 279 213 300 844 384 225 603 581 583 781 582 863 660 837 469 148 803 155 884 483 718 323 519 841 127 551 780 880 386 513 502 749 782 155 459 559 570 290 519 261 357 891 431 809 597 833 852 631 114 839 476 112 412 435 646 0 807 400 232 866 155 258 364 251 195 873 
141 437 319 354 141 502 703 604 392 169 590 172 589 719 875 370 804 505 217 569 547 170 330 257 702 638 497 556 510 151 593 428 775 422 280 140 204 175 106 390 131 250 644 816 551 431 610 772 142 592 290 150 718 684 670 355 441 578 690 355 508 516 142 276 276 446 349 309 380 561 649 860 506 137 801 660 292 101 876 713 398 240 680 667 478 748 623 796 763 264 0 509 741 330 713 464 822 225 440 381 
635 806 860 614 421 557 353 129 836 116 507 706 104 338 462 160 886 723 140 169 840 576 694 425 174 415 250 407 566 438 605 334 300 800 169 762 317 293 154 175 452 658 829 583 398 827 580 864 866 159 398 424 359 708 886 259 820 156 133 728 288 397 534 846 434 767 153 409 788 475 202 742 232 281 552 114 468 576 386 767 326 140 841 858 278 816 603 780 863 591 271 0 223 265 641 158 791 667 556 522 
239 242 711 588 412 193 552 376 869 734 141 609 787 144 815 368 593 876 735 706 756 304 518 856 173 521 897 149 810 745 457 658 381 149 298 762 319 505 321 343 255 103 787 557 546 155 567 345 522 886 827 806 624 859 666 411 391 800 602 673 201 472 433 244 506 100 892 308 449 341 685 127 611 711 292 254 242 511 677 161 632 477 617 519 251 493 774 644 499 321 401 121 0 368 766 860 465 599 186 327 
370 420 801 636 100 353 800 134 521 434 309 397 625 858 363 110 775 185 716 156 338 714 389 269 658 352 475 680 487 114 789 474 206 280 205 479 567 132 165 243 325 819 393 743 712 112 732 864 175 555 402 552 710 660 534 807 330 441 674 336 688 848 227 136 137 213 717 675 134 430 202 265 567 499 283 810 155 373 870 883 413 805 358 392 469 649 710 528 488 334 655 374 815 0 647 348 151 194 281 350 
200 824 576 848 499 689 353 293 558 614 306 787 211 727 332 757 130 353 582 896 406 866 233 817 709 429 491 129 795 101 769 668 849 245 232 626 346 790 433 256 402 515 722 633 772 843 622 152 146 446 583 579 708 659 218 166 520 186 292 843 800 127 716 503 302 733 305 391 300 187 667 155 644 138 155 566 468 791 342 671 689 661 403 228 847 285 532 523 634 408 156 252 273 816 0 399 444 480 207 436 
337 832 817 788 868 618 258 854 186 661 691 808 619 788 102 584 125 709 871 589 692 560 461 217 256 789 707 744 449 579 402 886 807 617 605 388 826 233 543 110 127 277 361 402 307 814 470 446 243 693 774 358 841 742 143 304 407 330 565 456 525 665 596 396 263 871 749 240 274 792 561 884 152 362 719 775 362 731 646 842 536 354 633 830 173 128 344 559 677 585 543 388 537 231 251 0 758 391 878 854 
436 706 193 297 437 372 874 145 397 401 821 494 887 652 201 413 624 190 223 762 559 484 155 787 415 170 618 641 435 555 346 418 382 433 487 859 194 136 846 598 229 101 294 686 850 422 679 410 385 170 522 522 438 468 484 657 646 845 502 752 289 401 732 386 536 680 148 172 787 721 245 333 296 829 489 362 408 307 142 815 715 813 272 659 664 207 805 493 745 879 547 524 814 246 368 862 0 534 591 460 
450 436 145 897 316 565 340 163 769 511 204 304 109 488 265 299 275 878 775 799 730 592 793 126 301 728 621 883 700 286 519 771 545 538 827 314 657 161 492 348 843 878 175 429 203 833 478 271 762 708 559 430 554 385 393 479 765 249 182 767 158 745 330 494 254 248 575 269 109 443 885 447 382 210 409 586 389 809 217 613 347 112 492 405 224 849 496 894 711 881 365 544 430 573 222 386 740 0 731 795 
874 190 893 122 674 605 601 182 405 565 293 819 814 398 593 441 810 156 705 218 708 298 683 877 142 701 780 772 848 817 483 723 363 280 492 770 466 872 654 719 416 323 311 863 223 257 526 423 790 831 774 844 373 304 173 656 777 158 179 282 316 363 759 643 139 129 772 515 354 387 255 254 673 856 791 431 843 626 538 403 818 487 686 433 767 363 752 226 121 858 511 346 640 637 634 601 674 866 0 897 
791 276 365 414 371 327 551 614 156 726 269 486 186 653 206 618 808 652 833 317 893 584 190 719 359 248 862 393 611 219 396 204 759 553 794 558 556 704 587 663 112 264 194 765 851 670 101 793 155 829 465 646 234 509 642 113 335 747 196 856 562 107 660 736 438 558 205 213 801 845 454 382 544 476 324 635 389 538 530 694 820 257 316 627 403 540 834 810 868 337 298 282 123 752 496 259 432 389 200 0 
88